0.03333333507180214,70,87,0
0.0333333350718021,69,95,0
0.0333333350718021,50,62,1
0.0666666701436042,70,90,0
0.0666666701436042,51,70,1
0.0666666701436042,65,51,0
0.0666666701436042,65,71,1
0.0666666701436042,70,89,0
0.1000000089406967,68,63,1
0.1000000089406967,52,77,1
0.1000000089406967,66,82,0
0.1000000089406967,51,54,0
0.1000000089406967,70,86,0
0.1000000089406967,56,110,0
0.1000000089406967,68,80,0
0.1000000089406967,63,103,1
0.1000000089406967,52,99,0
0.1333333402872085,51,125,1
0.1333333402872085,64,124,1
0.1333333402872085,51,70,1
0.1333333402872085,56,111,0
0.1333333402872085,59,92,0
0.1333333402872085,57,20,1
0.1333333402872085,54,43,1
0.1333333402872085,50,62,0
0.1333333402872085,53,124,1
0.1333333402872085,61,77,1
0.1333333402872085,52,123,1
0.1333333402872085,67,81,0
0.1333333402872085,57,112,0
0.1333333402872085,56,112,0
0.1666666716337204,54,68,0
0.1666666716337204,53,83,1
0.1666666716337204,54,126,1
0.2000000029802322,50,63,1
0.233333334326744,56,110,0
0.233333334326744,50,65,1
0.233333334326744,63,93,0
0.2666666805744171,58,106,1
0.2666666805744171,62,90,1
0.2666666805744171,58,107,1
0.2666666805744171,69,95,1
0.2666666805744171,56,21,0
0.3000000119209289,69,95,0
0.3000000119209289,68,110,0
0.3000000119209289,59,108,1
0.3000000119209289,59,92,1
0.3000000119209289,61,110,1
0.3333333432674408,64,124,0
0.3333333432674408,61,111,1
0.3333333432674408,66,118,0
0.3666666746139526,50,61,1
0.3666666746139526,56,110,1
0.3666666746139526,54,43,0
0.3666666746139526,50,62,1
0.3666666746139526,54,68,0
0.4000000059604645,67,114,0
0.4000000059604645,61,20,1
0.4000000059604645,65,87,0
0.4000000059604645,65,88,0
0.4000000059604645,58,109,0
0.4333333373069763,53,83,0
0.4333333373069763,61,111,0
0.4333333373069763,61,110,1
0.4333333373069763,52,99,1
0.4666666686534881,68,63,0
0.4666666686534881,50,65,0
0.5333333611488342,54,44,0
0.5333333611488342,61,77,0
0.5333333611488342,68,63,1
0.5333333611488342,52,66,0
0.5333333611488342,55,46,0
0.5333333611488342,68,56,0
0.5333333611488342,54,68,1
0.5666667222976685,66,82,1
0.5666667222976685,50,61,0
0.5666667222976685,50,62,0
0.6000000238418579,73,121,1
0.6000000238418579,68,63,0
0.6333333849906921,48,124,0
0.6333333849906921,51,55,0
0.6333333849906921,65,71,0
0.6333333849906921,69,83,0
0.6333333849906921,55,127,1
0.6666666865348816,54,78,1
0.6666666865348816,68,57,1
0.6666666865348816,55,46,1
0.6666666865348816,54,115,1
0.6666666865348816,52,99,1
0.6666666865348816,56,127,1
0.6666666865348816,65,108,1
0.6666666865348816,55,49,1
0.6666666865348816,66,56,0
0.6666666865348816,61,76,1
0.6666666865348816,51,70,0
0.6666666865348816,64,85,1
0.6666666865348816,67,114,1
0.6666666865348816,60,76,1
0.6666666865348816,59,108,0
0.6666666865348816,53,98,1
0.6666666865348816,56,74,1
0.6666666865348816,56,96,1
0.6666666865348816,52,75,0
0.6666666865348816,49,97,1
0.6666666865348816,69,95,1
0.7000000476837158,62,89,0
0.7000000476837158,65,108,0
0.7000000476837158,47,120,1
0.7000000476837158,50,99,1
0.7000000476837158,56,81,0
0.7000000476837158,60,91,1
0.7000000476837158,61,90,0
0.7000000476837158,52,124,1
0.7333333492279053,63,127,0
0.7666667103767395,56,81,1
0.7666667103767395,58,123,0
0.7666667103767395,67,96,1
0.7666667103767395,54,112,0
0.7666667103767395,68,91,1
0.7666667103767395,50,63,0
0.7666667103767395,58,124,0
0.7833333015441895,48,122,1
0.7833333015441895,63,127,1
0.7833333015441895,60,76,0
0.7833333015441895,64,85,0
0.7833333015441895,60,91,0
0.7833333015441895,52,99,0
0.7833333015441895,49,106,1
0.7833333015441895,56,126,1
0.7833333015441895,69,97,1
0.7833333015441895,66,118,1
0.7833333015441895,65,70,0
0.7833333015441895,54,44,1
0.800000011920929,52,99,0
0.8333333730697632,60,76,0
0.8333333730697632,56,74,0
0.8333333730697632,61,76,0
0.8333333730697632,52,123,1
0.8333333730697632,53,98,0
0.8333333730697632,56,81,1
0.8333333730697632,63,108,0
0.8333333730697632,57,126,1
0.8333333730697632,57,80,1
0.8333333730697632,69,98,0
0.8333333730697632,67,55,0
0.8333333730697632,70,91,0
0.8333333730697632,68,63,1
0.8499999642372131,50,65,1
0.8499999642372131,53,83,1
0.8499999642372131,49,124,1
0.8499999642372131,49,97,0
0.8499999642372131,54,41,0
0.8666666746139526,50,65,1
0.9000000357627869,61,89,0
0.9000000357627869,61,91,1
0.9000000357627869,71,122,0
0.9000000357627869,59,76,0
0.9000000357627869,56,81,1
0.9000000357627869,63,104,1
0.9000000357627869,69,61,1
0.9000000357627869,59,92,0
0.9000000357627869,56,74,0
0.9000000357627869,48,116,1
0.9000000357627869,61,123,1
0.9000000357627869,47,121,1
0.9333333373069764,61,76,0
0.9333333373069764,61,89,0
0.9333333373069764,72,120,0
0.9333333373069764,54,44,1
0.9333333373069764,52,99,0
0.9333333373069764,51,99,0
0.9333333373069764,55,126,1
0.9333333373069764,62,120,1
0.9333333373069764,64,124,1
0.9333333373069764,51,69,1
0.9333333373069764,60,76,0
0.9333333373069764,55,82,1
0.9666666984558104,60,15,0
0.9666666984558104,57,75,0
0.9666666984558104,65,50,0
0.9833332896232604,67,66,1
0.9833332896232604,56,111,0
0.9833332896232604,64,85,0
0.9833332896232604,57,80,1
0.9833332896232604,52,122,1
0.9833332896232604,54,111,1
0.9833332896232604,50,63,1
1.0,67,66,1
1.0166666507720947,55,126,0
1.0166666507720947,71,123,1
1.0166666507720947,56,123,1
1.0166666507720947,71,122,1
1.0166666507720947,67,66,0
1.0333333015441897,71,122,1
1.0499999523162842,60,117,1
1.0499999523162842,54,70,1
1.0499999523162842,66,60,0
1.0499999523162842,64,124,0
1.0499999523162842,61,124,1
1.0499999523162842,55,49,1
1.0499999523162842,63,127,0
1.0499999523162842,54,41,1
1.0499999523162842,67,55,1
1.0499999523162842,50,65,0
1.0499999523162842,57,75,1
1.0499999523162842,69,98,1
1.0499999523162842,54,126,0
1.0499999523162842,55,50,1
1.0499999523162842,69,60,1
1.0499999523162842,53,83,0
1.0499999523162842,61,89,1
1.0499999523162842,52,77,0
1.0499999523162842,65,51,1
1.0499999523162842,53,60,1
1.0499999523162842,52,99,1
1.0499999523162842,49,97,1
1.0499999523162842,59,76,1
1.0499999523162842,56,81,0
1.0499999523162842,59,92,1
1.0499999523162842,48,122,0
1.0499999523162842,52,123,0
1.0499999523162842,56,74,1
1.0499999523162842,64,90,1
1.0499999523162842,49,104,1
1.0499999523162842,60,76,1
1.0499999523162842,61,76,1
1.0499999523162842,65,50,1
1.0499999523162842,60,92,0
1.0499999523162842,53,98,1
1.0499999523162842,55,82,0
1.0499999523162842,54,44,0
1.0499999523162842,63,103,1
1.0666667222976685,52,99,1
1.0666667222976685,60,76,1
1.0666667222976685,50,65,0
1.077777862548828,57,95,1
1.077777862548828,67,81,1
1.077777862548828,55,47,1
1.077777862548828,55,72,1
1.077777862548828,62,118,1
1.077777862548828,60,15,1
1.077777862548828,64,115,1
1.077777862548828,62,116,1
1.077777862548828,56,74,1
1.077777862548828,51,99,1
1.077777862548828,62,88,1
1.077777862548828,48,124,1
1.077777862548828,57,80,0
1.077777862548828,59,113,1
1.077777862548828,49,97,1
1.077777862548828,72,120,1
1.077777862548828,63,127,0
1.077777862548828,53,124,0
1.077777862548828,53,98,1
1.077777862548828,61,76,1
1.077777862548828,47,120,1
1.077777862548828,66,59,0
1.077777862548828,54,69,1
1.077777862548828,60,115,1
1.077777862548828,54,97,1
1.077777862548828,49,124,0
1.077777862548828,60,76,1
1.077777862548828,55,97,1
1.077777862548828,58,109,1
1.077777862548828,55,48,1
1.077777862548828,69,61,0
1.077777862548828,56,81,0
1.077777862548828,55,82,0
1.077777862548828,68,80,1
1.077777862548828,54,68,1
1.077777862548828,48,122,0
1.077777862548828,71,124,0
1.077777862548828,68,56,1
1.077777862548828,64,85,1
1.077777862548828,66,56,1
1.077777862548828,52,99,1
1.077777862548828,64,124,0
1.077777862548828,51,70,0
1.077777862548828,57,75,1
1.077777862548828,61,89,1
1.077777862548828,53,83,0
1.077777862548828,67,55,1
1.0888888835906982,57,75,1
1.0888888835906982,67,81,1
1.0888888835906982,56,74,1
1.0888888835906982,61,76,1
1.0888888835906982,64,85,1
1.100000023841858,57,75,1
1.1166666746139526,55,50,1
1.1166666746139526,53,98,1
1.1166666746139526,63,17,1
1.1166666746139526,65,22,1
1.1166666746139526,63,127,0
1.1166666746139526,69,60,1
1.1166666746139526,56,126,0
1.1166666746139526,68,57,1
1.1166666746139526,53,59,1
1.1166666746139526,53,60,1
1.1166666746139526,49,122,0
1.1166666746139526,50,65,0
1.1333333253860474,53,59,1
1.1666666269302368,70,86,1
1.1999999284744265,68,57,0
1.1999999284744265,51,115,1
1.2333333492279053,52,52,1
1.2333333492279053,50,63,0
1.2333333492279053,52,115,1
1.2333333492279053,55,46,1
1.2666666507720947,59,92,1
1.2666666507720947,53,98,1
1.2666666507720947,53,48,1
1.2666666507720947,54,44,0
1.2666666507720947,49,104,0
1.2666666507720947,52,99,1
1.2666666507720947,65,70,1
1.2666666507720947,57,126,0
1.2777777910232544,66,54,1
1.2777777910232544,65,71,1
1.2777777910232544,51,99,1
1.2777777910232544,64,85,0
1.2777777910232544,56,97,1
1.2777777910232544,61,16,1
1.2777777910232544,60,91,1
1.2777777910232544,56,81,0
1.2777777910232544,58,75,1
1.2777777910232544,55,46,1
1.2777777910232544,69,95,1
1.2777777910232544,68,63,1
1.2777777910232544,69,90,1
1.2777777910232544,60,76,1
1.2777777910232544,66,60,0
1.2777777910232544,69,60,1
1.2777777910232544,67,66,1
1.2777777910232544,69,98,1
1.2777777910232544,55,45,1
1.2777777910232544,69,61,1
1.288888931274414,67,66,1
1.288888931274414,69,61,1
1.2999999523162842,69,61,1
1.3111110925674438,68,64,1
1.3111110925674438,74,54,0
1.3111110925674438,74,59,1
1.3111110925674438,65,71,1
1.3111110925674438,50,98,1
1.3111110925674438,65,52,0
1.3111110925674438,69,95,1
1.3111110925674438,63,106,1
1.3111110925674438,67,68,1
1.3111110925674438,73,56,0
1.3111110925674438,72,75,1
1.3111110925674438,60,91,0
1.3111110925674438,75,57,1
1.3111110925674438,62,88,0
1.3111110925674438,66,118,0
1.3111110925674438,54,41,1
1.3111110925674438,69,78,0
1.3111110925674438,66,70,1
1.3111110925674438,69,61,1
1.3111110925674438,67,81,0
1.3111110925674438,68,62,1
1.3111110925674438,74,58,1
1.3111110925674438,75,56,1
1.3111110925674438,70,79,1
1.3111110925674438,54,42,1
1.3111110925674438,66,69,1
1.3111110925674438,68,80,0
1.3111110925674438,73,57,0
1.3111110925674438,68,63,1
1.3111110925674438,67,67,1
1.3111110925674438,53,98,1
1.3111110925674438,70,77,0
1.3111110925674438,75,55,1
1.3111110925674438,66,82,0
1.3111110925674438,67,66,1
1.3111110925674438,56,95,1
1.3222222328186035,66,82,0
1.3222222328186035,68,80,0
1.3222222328186035,68,62,1
1.3222222328186035,65,71,1
1.3222222328186035,66,69,1
1.3222222328186035,67,66,1
1.3333333730697632,68,80,0
1.3333333730697632,67,66,1
1.3333333730697632,66,69,1
1.3416666984558103,69,83,1
1.3416666984558103,67,81,0
1.3416666984558103,69,61,1
1.3416666984558103,61,77,1
1.3416666984558103,62,76,1
1.3416666984558103,66,99,1
1.3416666984558103,60,78,1
1.3416666984558103,67,67,1
1.3416666984558103,68,63,1
1.3416666984558103,75,71,1
1.3416666984558103,55,47,1
1.3416666984558103,54,44,1
1.3416666984558103,66,81,0
1.3416666984558103,68,62,1
1.3416666984558103,52,99,1
1.3416666984558103,66,69,1
1.3416666984558103,56,81,1
1.3416666984558103,68,79,0
1.3416666984558103,71,60,0
1.3416666984558103,63,127,0
1.3416666984558103,66,70,1
1.3416666984558103,60,118,1
1.3416666984558103,70,81,1
1.3416666984558103,67,114,0
1.3416666984558103,70,80,1
1.3416666984558103,74,53,0
1.3416666984558103,63,86,0
1.3416666984558103,68,80,0
1.3416666984558103,70,77,0
1.3416666984558103,75,63,1
1.3416666984558103,68,65,1
1.3416666984558103,66,60,1
1.3416666984558103,66,82,0
1.3416666984558103,73,56,0
1.3416666984558103,61,89,0
1.3416666984558103,72,58,0
1.3416666984558103,76,69,1
1.3416666984558103,69,62,1
1.3416666984558103,68,57,1
1.3416666984558103,72,59,0
1.3416666984558103,64,85,0
1.3416666984558103,67,66,1
1.3416666984558103,64,73,1
1.3416666984558103,75,54,1
1.3416666984558103,69,81,1
1.3416666984558103,67,65,1
1.3416666984558103,69,77,0
1.3416666984558103,76,68,1
1.3416666984558103,74,59,1
1.3416666984558103,70,84,1
1.3416666984558103,76,70,1
1.3416666984558103,74,54,0
1.3416666984558103,74,72,1
1.3416666984558103,60,103,1
1.3416666984558103,73,74,1
1.3416666984558103,63,75,1
1.3416666984558103,75,56,1
1.3416666984558103,66,68,1
1.3416666984558103,65,83,0
1.3416666984558103,70,76,0
1.3416666984558103,64,84,0
1.3416666984558103,74,73,1
1.3416666984558103,73,55,0
1.3416666984558103,69,97,0
1.3416666984558103,70,61,0
1.3416666984558103,69,78,0
1.3416666984558103,54,43,1
1.3416666984558103,75,55,1
1.3416666984558103,59,79,1
1.3416666984558103,65,71,1
1.3416666984558103,76,65,1
1.3416666984558103,74,58,1
1.3416666984558103,70,82,1
1.3416666984558103,74,57,1
1.350000023841858,68,80,0
1.350000023841858,66,82,0
1.350000023841858,54,43,1
1.350000023841858,64,85,0
1.350000023841858,68,63,1
1.350000023841858,66,69,1
1.350000023841858,63,86,0
1.350000023841858,67,66,1
1.350000023841858,61,89,0
1.350000023841858,65,83,0
1.350000023841858,67,81,0
1.350000023841858,74,53,0
1.350000023841858,61,77,1
1.350000023841858,70,77,0
1.350000023841858,69,61,1
1.350000023841858,68,62,1
1.350000023841858,69,78,0
1.350000023841858,67,65,1
1.350000023841858,65,71,1
1.350000023841858,70,80,1
1.3583333492279053,67,65,1
1.3583333492279053,69,61,1
1.3583333492279053,69,78,0
1.3583333492279053,66,69,1
1.3583333492279053,68,62,1
1.3583333492279053,68,80,0
1.3583333492279053,63,86,0
1.3583333492279053,70,77,0
1.3666666746139526,70,77,0
1.3666666746139526,67,65,1
1.3666666746139526,68,62,1
1.3666666746139526,63,86,0
1.371428608894348,74,57,1
1.371428608894348,71,59,0
1.371428608894348,74,58,1
1.371428608894348,61,76,1
1.371428608894348,69,79,0
1.371428608894348,73,54,0
1.371428608894348,67,66,1
1.371428608894348,72,57,0
1.371428608894348,70,76,0
1.371428608894348,67,65,1
1.371428608894348,69,78,0
1.371428608894348,70,84,0
1.371428608894348,50,61,1
1.371428608894348,64,83,0
1.371428608894348,63,86,0
1.371428608894348,65,76,0
1.371428608894348,75,52,0
1.371428608894348,76,68,1
1.371428608894348,75,55,1
1.371428608894348,60,90,0
1.371428608894348,63,85,0
1.371428608894348,65,72,1
1.371428608894348,62,88,0
1.371428608894348,70,60,0
1.371428608894348,60,77,1
1.371428608894348,64,84,0
1.371428608894348,56,81,1
1.371428608894348,68,61,1
1.371428608894348,66,68,1
1.371428608894348,63,75,1
1.371428608894348,65,70,1
1.371428608894348,66,81,0
1.371428608894348,57,80,1
1.371428608894348,63,74,1
1.371428608894348,73,56,0
1.371428608894348,72,58,0
1.371428608894348,51,70,1
1.371428608894348,74,60,0
1.371428608894348,53,62,1
1.371428608894348,54,42,1
1.371428608894348,65,83,0
1.371428608894348,64,74,1
1.371428608894348,60,78,1
1.371428608894348,55,82,1
1.371428608894348,74,72,1
1.371428608894348,65,82,0
1.371428608894348,75,71,1
1.371428608894348,58,80,1
1.371428608894348,52,77,1
1.371428608894348,69,61,1
1.371428608894348,68,79,0
1.371428608894348,58,79,1
1.371428608894348,72,59,0
1.371428608894348,75,62,1
1.371428608894348,61,89,0
1.371428608894348,66,117,0
1.371428608894348,64,89,1
1.371428608894348,67,80,0
1.371428608894348,66,69,1
1.371428608894348,55,50,0
1.371428608894348,72,74,1
1.371428608894348,68,80,0
1.371428608894348,59,78,1
1.371428608894348,72,75,1
1.371428608894348,61,88,0
1.371428608894348,66,82,0
1.371428608894348,74,53,0
1.371428608894348,67,64,1
1.371428608894348,74,52,0
1.371428608894348,69,82,1
1.371428608894348,53,83,1
1.371428608894348,73,55,0
1.371428608894348,65,71,1
1.371428608894348,75,70,1
1.371428608894348,63,108,1
1.371428608894348,61,77,1
1.371428608894348,70,77,0
1.371428608894348,62,87,0
1.371428608894348,67,81,0
1.371428608894348,59,92,0
1.371428608894348,55,46,0
1.371428608894348,62,75,1
1.371428608894348,70,90,1
1.371428608894348,67,67,1
1.371428608894348,73,73,1
1.371428608894348,62,76,1
1.371428608894348,76,64,1
1.371428608894348,64,103,1
1.371428608894348,66,70,1
1.371428608894348,50,65,1
1.371428608894348,49,124,1
1.371428608894348,75,61,1
1.371428608894348,69,60,1
1.371428608894348,54,44,1
1.371428608894348,59,79,1
1.371428608894348,75,54,1
1.371428608894348,74,56,1
1.371428608894348,71,61,1
1.371428608894348,50,62,1
1.371428608894348,60,91,0
1.371428608894348,68,62,1
1.371428608894348,76,69,1
1.371428608894348,68,64,1
1.371428608894348,68,63,1
1.371428608894348,57,81,1
1.371428608894348,69,77,0
1.371428608894348,50,63,1
1.3761905431747437,67,67,1
1.3761905431747437,68,62,1
1.3761905431747437,67,65,1
1.3761905431747437,62,76,1
1.3761905431747437,68,63,1
1.3761905431747437,60,78,1
1.3761905431747437,56,81,1
1.3761905431747437,59,78,1
1.3761905431747437,66,68,1
1.3761905431747437,69,60,1
1.3761905431747437,74,53,0
1.3761905431747437,59,79,1
1.3761905431747437,55,82,1
1.3761905431747437,67,80,0
1.3761905431747437,66,81,0
1.3761905431747437,73,56,0
1.3761905431747437,67,64,1
1.3761905431747437,69,78,0
1.3761905431747437,68,80,0
1.3761905431747437,67,66,1
1.3761905431747437,65,71,1
1.3761905431747437,66,82,0
1.3761905431747437,62,87,0
1.3761905431747437,66,69,1
1.3761905431747437,58,80,1
1.3761905431747437,50,63,1
1.3761905431747437,58,79,1
1.3761905431747437,75,54,1
1.3761905431747437,70,60,0
1.3761905431747437,57,80,1
1.3761905431747437,61,76,1
1.3761905431747437,59,92,0
1.3761905431747437,70,76,0
1.3761905431747437,65,83,0
1.3761905431747437,63,86,0
1.3761905431747437,69,77,0
1.3761905431747437,61,89,0
1.3761905431747437,75,55,1
1.3761905431747437,68,61,1
1.3761905431747437,72,58,0
1.3761905431747437,69,61,1
1.3761905431747437,65,82,0
1.3761905431747437,60,77,1
1.3761905431747437,64,84,0
1.3761905431747437,73,73,1
1.3809523582458496,68,62,1
1.3809523582458496,59,92,0
1.3809523582458496,60,77,1
1.3809523582458496,66,68,1
1.3809523582458496,62,87,0
1.3809523582458496,65,83,0
1.3809523582458496,67,65,1
1.3809523582458496,56,81,1
1.3809523582458496,57,80,1
1.3809523582458496,59,78,1
1.3809523582458496,67,64,1
1.3809523582458496,61,89,0
1.3809523582458496,66,81,0
1.3809523582458496,69,78,0
1.3809523582458496,63,86,0
1.3857142925262451,63,86,0
1.3857142925262451,66,68,1
1.3857142925262451,59,92,0
1.3857142925262451,67,65,1
1.3857142925262451,61,89,0
1.3857142925262451,56,81,1
1.3857142925262451,65,83,0
1.3904762268066406,66,68,1
1.3904762268066406,61,89,0
1.3904762268066406,65,83,0
1.3952380418777466,65,83,0
1.3952380418777466,66,68,1
1.399999976158142,66,68,1
1.4041666984558103,58,79,1
1.4041666984558103,59,76,1
1.4041666984558103,57,80,1
1.4041666984558103,66,69,1
1.4041666984558103,66,60,1
1.4041666984558103,75,65,1
1.4041666984558103,66,66,1
1.4041666984558103,62,75,1
1.4041666984558103,68,63,1
1.4041666984558103,75,64,1
1.4041666984558103,74,57,1
1.4041666984558103,67,80,0
1.4041666984558103,70,60,0
1.4041666984558103,76,68,1
1.4041666984558103,58,93,0
1.4041666984558103,75,53,1
1.4041666984558103,73,55,0
1.4041666984558103,66,82,0
1.4041666984558103,70,59,0
1.4041666984558103,59,92,0
1.4041666984558103,49,97,1
1.4041666984558103,63,127,1
1.4041666984558103,72,57,0
1.4041666984558103,68,79,0
1.4041666984558103,64,84,0
1.4041666984558103,69,77,0
1.4041666984558103,68,62,1
1.4041666984558103,59,77,1
1.4041666984558103,66,68,1
1.4041666984558103,65,71,1
1.4041666984558103,70,77,0
1.4041666984558103,73,73,1
1.4041666984558103,73,74,1
1.4041666984558103,72,56,0
1.4041666984558103,60,78,1
1.4041666984558103,69,78,0
1.4041666984558103,61,76,1
1.4041666984558103,48,112,1
1.4041666984558103,59,79,1
1.4041666984558103,74,59,0
1.4041666984558103,53,64,1
1.4041666984558103,65,70,1
1.4041666984558103,74,56,1
1.4041666984558103,69,95,0
1.4041666984558103,65,82,0
1.4041666984558103,62,86,0
1.4041666984558103,69,60,1
1.4041666984558103,60,91,0
1.4041666984558103,67,63,1
1.4041666984558103,66,81,0
1.4041666984558103,56,100,1
1.4041666984558103,61,88,0
1.4041666984558103,53,83,1
1.4041666984558103,61,77,1
1.4041666984558103,55,82,1
1.4041666984558103,68,61,1
1.4041666984558103,63,85,0
1.4041666984558103,68,93,1
1.4041666984558103,73,72,1
1.4041666984558103,74,55,1
1.4041666984558103,64,83,0
1.4041666984558103,56,81,1
1.4041666984558103,60,77,1
1.4041666984558103,61,89,0
1.4041666984558103,73,53,0
1.4041666984558103,68,78,0
1.4041666984558103,75,69,1
1.4041666984558103,67,66,1
1.4041666984558103,65,83,0
1.4041666984558103,53,59,0
1.4041666984558103,75,62,1
1.4041666984558103,51,54,1
1.4041666984558103,63,86,0
1.4041666984558103,57,75,0
1.4041666984558103,66,67,1
1.4041666984558103,56,82,1
1.4041666984558103,70,76,0
1.4041666984558103,72,74,1
1.4041666984558103,75,70,1
1.4041666984558103,67,65,1
1.4041666984558103,74,52,0
1.4041666984558103,66,80,0
1.4041666984558103,74,58,1
1.4041666984558103,74,72,1
1.4041666984558103,57,81,1
1.4041666984558103,69,76,0
1.4041666984558103,59,78,1
1.4041666984558103,71,59,0
1.4041666984558103,76,67,1
1.4041666984558103,75,54,1
1.4041666984558103,62,87,0
1.4041666984558103,73,54,0
1.4041666984558103,74,61,1
1.4041666984558103,67,64,1
1.4041666984558103,75,61,1
1.4041666984558103,58,80,1
1.4041666984558103,59,91,0
1.4041666984558103,72,58,0
1.4041666984558103,74,71,1
1.4041666984558103,68,80,0
1.4041666984558103,60,90,0
1.4041666984558103,66,98,1
1.4041666984558103,66,94,0
1.4083333015441897,66,80,0
1.4083333015441897,57,80,1
1.4083333015441897,65,82,0
1.4083333015441897,74,71,1
1.4083333015441897,75,54,1
1.4083333015441897,59,92,0
1.4083333015441897,74,52,0
1.4083333015441897,73,73,1
1.4083333015441897,72,57,0
1.4083333015441897,72,56,0
1.4083333015441897,75,64,1
1.4083333015441897,63,86,0
1.4083333015441897,69,60,1
1.4083333015441897,67,63,1
1.4083333015441897,61,88,0
1.4083333015441897,70,76,0
1.4083333015441897,59,78,1
1.4083333015441897,68,61,1
1.4083333015441897,65,83,0
1.4083333015441897,66,69,1
1.4083333015441897,74,55,1
1.4083333015441897,66,67,1
1.4083333015441897,67,65,1
1.4083333015441897,61,89,0
1.4083333015441897,72,74,1
1.4083333015441897,66,68,1
1.4083333015441897,75,53,1
1.4083333015441897,60,77,1
1.4083333015441897,68,79,0
1.4083333015441897,65,70,1
1.4083333015441897,66,81,0
1.4083333015441897,61,76,1
1.4083333015441897,67,80,0
1.4083333015441897,63,85,0
1.4083333015441897,73,54,0
1.4083333015441897,74,56,1
1.4083333015441897,69,77,0
1.4083333015441897,62,86,0
1.4083333015441897,64,84,0
1.4083333015441897,56,81,1
1.4083333015441897,68,78,0
1.4083333015441897,58,79,1
1.4083333015441897,62,87,0
1.4083333015441897,67,64,1
1.412500023841858,70,76,0
1.412500023841858,65,83,0
1.412500023841858,67,80,0
1.412500023841858,64,84,0
1.412500023841858,68,79,0
1.412500023841858,61,89,0
1.412500023841858,60,77,1
1.412500023841858,66,81,0
1.412500023841858,62,87,0
1.412500023841858,66,67,1
1.412500023841858,58,79,1
1.412500023841858,67,64,1
1.412500023841858,74,52,0
1.412500023841858,69,77,0
1.412500023841858,66,68,1
1.412500023841858,68,61,1
1.412500023841858,69,60,1
1.412500023841858,67,63,1
1.412500023841858,68,78,0
1.412500023841858,59,78,1
1.412500023841858,57,80,1
1.412500023841858,65,82,0
1.4166666269302368,57,80,1
1.4166666269302368,67,80,0
1.4166666269302368,67,63,1
1.4166666269302368,66,67,1
1.4166666269302368,69,77,0
1.4166666269302368,68,79,0
1.4166666269302368,66,68,1
1.4166666269302368,59,78,1
1.4166666269302368,68,61,1
1.4166666269302368,62,87,0
1.4166666269302368,65,82,0
1.4166666269302368,70,76,0
1.4166666269302368,66,81,0
1.4166666269302368,67,64,1
1.4166666269302368,65,83,0
1.4166666269302368,64,84,0
1.4166666269302368,58,79,1
1.4166666269302368,60,77,1
1.4166666269302368,74,52,0
1.4208333492279053,59,78,1
1.4208333492279053,64,84,0
1.4208333492279053,62,87,0
1.4208333492279053,60,77,1
1.4208333492279053,66,67,1
1.4208333492279053,67,63,1
1.4208333492279053,69,77,0
1.4208333492279053,70,76,0
1.4208333492279053,68,61,1
1.4208333492279053,67,64,1
1.4208333492279053,66,81,0
1.4208333492279053,68,79,0
1.4208333492279053,58,79,1
1.4249999523162842,70,76,0
1.4249999523162842,62,87,0
1.4249999523162842,69,77,0
1.4249999523162842,68,61,1
1.4249999523162842,60,77,1
1.4249999523162842,68,79,0
1.4249999523162842,67,64,1
1.4249999523162842,66,67,1
1.4291666746139526,70,76,0
1.4291666746139526,68,61,1
1.4291666746139526,66,67,1
1.4333332777023315,70,76,0
1.4333332777023315,66,67,1
1.4370369911193848,59,79,1
1.4370369911193848,73,53,0
1.4370369911193848,66,66,1
1.4370369911193848,72,55,0
1.4370369911193848,62,87,0
1.4370369911193848,58,79,1
1.4370369911193848,65,87,1
1.4370369911193848,71,74,1
1.4370369911193848,72,57,0
1.4370369911193848,74,55,1
1.4370369911193848,61,89,0
1.4370369911193848,67,61,1
1.4370369911193848,66,80,0
1.4370369911193848,70,84,1
1.4370369911193848,54,44,1
1.4370369911193848,63,85,0
1.4370369911193848,67,65,1
1.4370369911193848,69,76,0
1.4370369911193848,68,61,1
1.4370369911193848,70,76,0
1.4370369911193848,71,58,0
1.4370369911193848,63,84,0
1.4370369911193848,60,89,0
1.4370369911193848,72,73,1
1.4370369911193848,73,52,0
1.4370369911193848,68,77,0
1.4370369911193848,73,72,1
1.4370369911193848,59,78,1
1.4370369911193848,69,81,1
1.4370369911193848,69,59,1
1.4370369911193848,64,83,0
1.4370369911193848,73,54,0
1.4370369911193848,66,68,1
1.4370369911193848,65,75,0
1.4370369911193848,64,84,0
1.4370369911193848,55,48,0
1.4370369911193848,63,109,1
1.4370369911193848,74,70,1
1.4370369911193848,70,59,0
1.4370369911193848,73,56,1
1.4370369911193848,74,71,1
1.4370369911193848,53,83,1
1.4370369911193848,57,80,1
1.4370369911193848,65,82,0
1.4370369911193848,59,91,0
1.4370369911193848,54,83,1
1.4370369911193848,67,55,0
1.4370369911193848,75,63,1
1.4370369911193848,68,78,0
1.4370369911193848,75,68,1
1.4370369911193848,67,63,1
1.4370369911193848,61,76,1
1.4370369911193848,74,69,1
1.4370369911193848,66,67,1
1.4370369911193848,74,52,0
1.4370369911193848,58,118,1
1.4370369911193848,63,90,1
1.4370369911193848,69,60,1
1.4370369911193848,65,69,1
1.4370369911193848,54,69,0
1.4370369911193848,65,81,0
1.4370369911193848,71,57,0
1.4370369911193848,60,78,1
1.4370369911193848,61,77,1
1.4370369911193848,68,62,1
1.4370369911193848,72,56,0
1.4370369911193848,67,66,1
1.4370369911193848,62,33,1
1.4370369911193848,75,64,1
1.4370369911193848,75,67,1
1.4370369911193848,60,77,1
1.4370369911193848,69,77,0
1.4370369911193848,62,86,0
1.4370369911193848,67,64,1
1.4370369911193848,55,82,1
1.4370369911193848,65,70,1
1.4370369911193848,66,81,0
1.4370369911193848,72,54,0
1.4370369911193848,61,87,0
1.4370369911193848,74,51,0
1.4370369911193848,73,58,1
1.4370369911193848,61,88,0
1.4370369911193848,73,71,1
1.4370369911193848,54,82,1
1.4370369911193848,58,80,1
1.4370369911193848,57,94,0
1.4370369911193848,70,75,0
1.4370369911193848,64,85,0
1.4370369911193848,56,95,0
1.4370369911193848,74,59,0
1.4370369911193848,60,90,0
1.4370369911193848,59,92,0
1.4370369911193848,75,69,1
1.4370369911193848,66,59,1
1.4370369911193848,58,93,0
1.4370369911193848,74,54,1
1.4370369911193848,75,53,1
1.4370369911193848,67,79,0
1.4370369911193848,67,80,0
1.4370369911193848,73,57,1
1.4370369911193848,68,79,0
1.4370369911193848,66,65,1
1.4370369911193848,68,60,1
1.4370369911193848,64,76,0
1.4370369911193848,74,56,1
1.4370369911193848,75,61,1
1.4370369911193848,67,62,1
1.4370369911193848,56,81,1
1.4370369911193848,63,114,1
1.440740704536438,74,54,1
1.440740704536438,57,80,1
1.440740704536438,60,89,0
1.440740704536438,67,63,1
1.440740704536438,73,53,0
1.440740704536438,74,55,1
1.440740704536438,67,64,1
1.440740704536438,60,90,0
1.440740704536438,67,62,1
1.440740704536438,69,59,1
1.440740704536438,72,56,0
1.440740704536438,54,82,1
1.440740704536438,59,92,0
1.440740704536438,71,58,0
1.440740704536438,65,70,1
1.440740704536438,72,73,1
1.440740704536438,61,76,1
1.440740704536438,70,75,0
1.440740704536438,62,86,0
1.440740704536438,66,66,1
1.440740704536438,66,67,1
1.440740704536438,67,80,0
1.440740704536438,64,83,0
1.440740704536438,60,77,1
1.440740704536438,66,80,0
1.440740704536438,68,60,1
1.440740704536438,73,72,1
1.440740704536438,69,77,0
1.440740704536438,61,88,0
1.440740704536438,67,61,1
1.440740704536438,55,82,1
1.440740704536438,67,79,0
1.440740704536438,63,85,0
1.440740704536438,58,79,1
1.440740704536438,70,59,0
1.440740704536438,73,58,1
1.440740704536438,65,81,0
1.440740704536438,62,87,0
1.440740704536438,74,51,0
1.440740704536438,73,52,0
1.440740704536438,65,69,1
1.440740704536438,72,55,0
1.440740704536438,64,84,0
1.440740704536438,61,89,0
1.440740704536438,59,78,1
1.440740704536438,74,70,1
1.440740704536438,66,65,1
1.440740704536438,68,61,1
1.440740704536438,66,68,1
1.440740704536438,66,81,0
1.440740704536438,68,78,0
1.440740704536438,69,76,0
1.440740704536438,65,82,0
1.4444444179534912,59,92,0
1.4444444179534912,74,55,1
1.4444444179534912,67,63,1
1.4444444179534912,67,62,1
1.4444444179534912,60,90,0
1.4444444179534912,64,83,0
1.4444444179534912,72,55,0
1.4444444179534912,66,80,0
1.4444444179534912,59,78,1
1.4444444179534912,65,82,0
1.4444444179534912,54,82,1
1.4444444179534912,73,53,0
1.4444444179534912,60,77,1
1.4444444179534912,64,84,0
1.4444444179534912,68,60,1
1.4444444179534912,74,51,0
1.4444444179534912,62,87,0
1.4444444179534912,66,66,1
1.4444444179534912,68,78,0
1.4444444179534912,69,77,0
1.4444444179534912,66,67,1
1.4444444179534912,67,80,0
1.4444444179534912,69,59,1
1.4444444179534912,63,85,0
1.4444444179534912,70,75,0
1.4444444179534912,73,52,0
1.4444444179534912,69,76,0
1.4444444179534912,66,81,0
1.4444444179534912,67,79,0
1.4481481313705444,65,82,0
1.4481481313705444,62,87,0
1.4481481313705444,60,90,0
1.4481481313705444,67,80,0
1.4481481313705444,63,85,0
1.4481481313705444,64,84,0
1.4481481313705444,68,78,0
1.4481481313705444,68,60,1
1.4481481313705444,59,78,1
1.4481481313705444,67,63,1
1.4481481313705444,64,83,0
1.4481481313705444,67,62,1
1.4481481313705444,66,66,1
1.4518518447875977,65,82,0
1.4518518447875977,67,63,1
1.4518518447875977,68,60,1
1.4518518447875977,66,66,1
1.4518518447875977,63,85,0
1.4518518447875977,60,90,0
1.4518518447875977,68,78,0
1.4518518447875977,62,87,0
1.4518518447875977,67,62,1
1.4555555582046509,66,66,1
1.4555555582046509,63,85,0
1.4555555582046509,67,62,1
1.4555555582046509,68,60,1
1.4555555582046509,65,82,0
1.459259271621704,67,62,1
1.459259271621704,66,66,1
1.459259271621704,65,82,0
1.459259271621704,68,60,1
1.462962985038757,68,60,1
1.462962985038757,65,82,0
1.4666666984558103,65,82,0
1.4666666984558103,68,60,1
1.4703704118728638,59,100,1
1.4703704118728638,73,70,1
1.4703704118728638,60,89,0
1.4703704118728638,58,78,1
1.4703704118728638,75,65,1
1.4703704118728638,71,57,0
1.4703704118728638,62,88,0
1.4703704118728638,74,69,1
1.4703704118728638,69,81,1
1.4703704118728638,71,73,1
1.4703704118728638,59,77,1
1.4703704118728638,67,79,0
1.4703704118728638,60,110,1
1.4703704118728638,67,63,1
1.4703704118728638,58,92,0
1.4703704118728638,75,66,1
1.4703704118728638,65,68,1
1.4703704118728638,74,53,1
1.4703704118728638,64,87,1
1.4703704118728638,70,90,0
1.4703704118728638,60,90,0
1.4703704118728638,51,99,1
1.4703704118728638,53,60,0
1.4703704118728638,74,58,0
1.4703704118728638,55,82,1
1.4703704118728638,62,86,0
1.4703704118728638,65,69,1
1.4703704118728638,68,57,0
1.4703704118728638,61,88,0
1.4703704118728638,64,71,0
1.4703704118728638,67,58,0
1.4703704118728638,73,50,0
1.4703704118728638,57,79,1
1.4703704118728638,70,58,0
1.4703704118728638,60,76,1
1.4703704118728638,74,68,1
1.4703704118728638,70,75,0
1.4703704118728638,73,58,0
1.4703704118728638,66,80,0
1.4703704118728638,66,65,1
1.4703704118728638,59,98,1
1.4703704118728638,56,95,0
1.4703704118728638,51,69,0
1.4703704118728638,59,78,1
1.4703704118728638,72,54,0
1.4703704118728638,68,78,0
1.4703704118728638,67,101,1
1.4703704118728638,74,70,1
1.4703704118728638,69,84,1
1.4703704118728638,69,79,1
1.4703704118728638,50,62,1
1.4703704118728638,69,59,1
1.4703704118728638,65,81,0
1.4703704118728638,66,63,1
1.4703704118728638,68,77,0
1.4703704118728638,64,82,0
1.4703704118728638,64,105,0
1.4703704118728638,73,55,1
1.4703704118728638,67,64,1
1.4703704118728638,56,80,1
1.4703704118728638,73,56,1
1.4703704118728638,71,122,1
1.4703704118728638,75,61,1
1.4703704118728638,66,97,1
1.4703704118728638,69,97,0
1.4703704118728638,75,67,1
1.4703704118728638,67,61,1
1.4703704118728638,72,59,0
1.4703704118728638,71,56,0
1.4703704118728638,74,60,1
1.4703704118728638,73,51,0
1.4703704118728638,56,81,1
1.4703704118728638,75,60,1
1.4703704118728638,75,52,1
1.4703704118728638,57,95,0
1.4703704118728638,66,64,1
1.4703704118728638,66,66,1
1.4703704118728638,64,75,0
1.4703704118728638,67,105,0
1.4703704118728638,61,76,1
1.4703704118728638,67,62,1
1.4703704118728638,72,52,0
1.4703704118728638,73,52,0
1.4703704118728638,60,77,1
1.4703704118728638,58,93,0
1.4703704118728638,56,126,0
1.4703704118728638,72,53,0
1.4703704118728638,73,57,1
1.4703704118728638,59,91,0
1.4703704118728638,66,79,0
1.4703704118728638,69,76,0
1.4703704118728638,56,116,1
1.4703704118728638,69,58,1
1.4703704118728638,50,64,1
1.4703704118728638,69,75,0
1.4703704118728638,74,61,1
1.4703704118728638,62,33,1
1.4703704118728638,62,85,0
1.4703704118728638,67,60,1
1.4703704118728638,74,54,1
1.4703704118728638,71,55,0
1.4703704118728638,63,85,0
1.4703704118728638,75,68,1
1.4703704118728638,61,87,0
1.4703704118728638,72,120,1
1.4703704118728638,74,52,1
1.4703704118728638,63,127,0
1.4703704118728638,57,94,0
1.4703704118728638,63,84,0
1.4703704118728638,57,80,1
1.4703704118728638,66,67,1
1.4703704118728638,69,77,0
1.4703704118728638,64,83,0
1.4703704118728638,71,58,0
1.4703704118728638,54,82,1
1.4703704118728638,73,71,1
1.4703704118728638,52,99,1
1.4703704118728638,68,60,1
1.4703704118728638,59,76,1
1.4703704118728638,72,73,1
1.4703704118728638,67,78,0
1.4703704118728638,73,54,1
1.4703704118728638,55,81,1
1.4703704118728638,68,76,0
1.4703704118728638,75,62,1
1.4703704118728638,65,80,0
1.4703704118728638,58,79,1
1.4703704118728638,70,74,0
1.4703704118728638,48,116,1
1.4703704118728638,68,59,1
1.4703704118728638,60,120,1
1.4703704118728638,75,63,1
1.4703704118728638,57,75,1
1.4703704118728638,65,82,0
1.4703704118728638,72,72,1
1.4703704118728638,54,83,1
1.474074125289917,68,59,1
1.474074125289917,59,77,1
1.474074125289917,65,81,0
1.474074125289917,73,71,1
1.474074125289917,56,80,1
1.474074125289917,66,79,0
1.474074125289917,67,63,1
1.474074125289917,73,57,1
1.474074125289917,57,80,1
1.474074125289917,68,60,1
1.474074125289917,74,52,1
1.474074125289917,61,76,1
1.474074125289917,73,51,0
1.474074125289917,64,82,0
1.474074125289917,66,64,1
1.474074125289917,66,80,0
1.474074125289917,71,58,0
1.474074125289917,71,56,0
1.474074125289917,70,75,0
1.474074125289917,64,83,0
1.474074125289917,71,57,0
1.474074125289917,58,79,1
1.474074125289917,59,78,1
1.474074125289917,68,78,0
1.474074125289917,67,62,1
1.474074125289917,67,60,1
1.474074125289917,67,61,1
1.474074125289917,60,77,1
1.474074125289917,66,66,1
1.474074125289917,66,63,1
1.474074125289917,69,75,0
1.474074125289917,75,63,1
1.474074125289917,73,56,1
1.474074125289917,69,59,1
1.474074125289917,72,72,1
1.474074125289917,60,76,1
1.474074125289917,56,81,1
1.474074125289917,54,82,1
1.474074125289917,62,86,0
1.474074125289917,66,65,1
1.474074125289917,74,53,1
1.474074125289917,66,67,1
1.474074125289917,58,78,1
1.474074125289917,65,82,0
1.474074125289917,74,54,1
1.474074125289917,58,93,0
1.474074125289917,60,90,0
1.474074125289917,55,81,1
1.474074125289917,59,91,0
1.474074125289917,70,58,0
1.474074125289917,67,79,0
1.474074125289917,63,85,0
1.474074125289917,68,77,0
1.474074125289917,61,88,0
1.474074125289917,69,77,0
1.474074125289917,57,79,1
1.474074125289917,69,76,0
1.474074125289917,70,74,0
1.474074125289917,63,84,0
1.474074125289917,72,53,0
1.474074125289917,72,54,0
1.4777778387069702,59,77,1
1.4777778387069702,69,76,0
1.4777778387069702,67,61,1
1.4777778387069702,67,79,0
1.4777778387069702,65,81,0
1.4777778387069702,68,60,1
1.4777778387069702,65,82,0
1.4777778387069702,73,51,0
1.4777778387069702,63,84,0
1.4777778387069702,66,64,1
1.4777778387069702,71,56,0
1.4777778387069702,66,66,1
1.4777778387069702,67,60,1
1.4777778387069702,74,53,1
1.4777778387069702,68,59,1
1.4777778387069702,67,62,1
1.4777778387069702,58,93,0
1.4777778387069702,72,53,0
1.4777778387069702,64,83,0
1.4777778387069702,54,82,1
1.4777778387069702,68,77,0
1.4777778387069702,72,54,0
1.4777778387069702,73,56,1
1.4777778387069702,62,86,0
1.4777778387069702,70,74,0
1.4777778387069702,60,90,0
1.4777778387069702,68,78,0
1.4777778387069702,71,57,0
1.4777778387069702,70,75,0
1.4777778387069702,66,80,0
1.4777778387069702,59,78,1
1.4777778387069702,58,79,1
1.4777778387069702,70,58,0
1.4777778387069702,61,88,0
1.4777778387069702,63,85,0
1.4777778387069702,66,65,1
1.4814815521240234,60,90,0
1.4814815521240234,68,59,1
1.4814815521240234,67,60,1
1.4814815521240234,66,64,1
1.4814815521240234,68,60,1
1.4814815521240234,66,80,0
1.4814815521240234,63,85,0
1.4814815521240234,67,79,0
1.4814815521240234,68,77,0
1.4814815521240234,66,65,1
1.4814815521240234,64,83,0
1.4814815521240234,61,88,0
1.4814815521240234,70,75,0
1.4814815521240234,67,61,1
1.4814815521240234,69,76,0
1.485185146331787,68,77,0
1.485185146331787,63,85,0
1.485185146331787,67,61,1
1.485185146331787,64,83,0
1.485185146331787,68,59,1
1.485185146331787,66,80,0
1.485185146331787,67,79,0
1.485185146331787,66,65,1
1.485185146331787,61,88,0
1.485185146331787,69,76,0
1.485185146331787,70,75,0
1.485185146331787,66,64,1
1.4888888597488403,68,77,0
1.4888888597488403,67,61,1
1.4888888597488403,67,79,0
1.4888888597488403,64,83,0
1.4888888597488403,70,75,0
1.4888888597488403,66,64,1
1.4888888597488403,61,88,0
1.4888888597488403,69,76,0
1.4888888597488403,66,65,1
1.4888888597488403,68,59,1
1.4888888597488403,66,80,0
1.4925925731658936,61,88,0
1.4925925731658936,66,80,0
1.4925925731658936,66,65,1
1.4925925731658936,64,83,0
1.4925925731658936,67,79,0
1.4925925731658936,68,59,1
1.4925925731658936,66,64,1
1.4925925731658936,70,75,0
1.4962962865829468,67,79,0
1.4962962865829468,64,83,0
1.4962962865829468,66,65,1
1.4962962865829468,66,80,0
1.5,66,65,1
1.5,67,79,0
1.5,64,83,0
1.5030303001403809,66,79,0
1.5030303001403809,59,76,1
1.5030303001403809,71,73,1
1.5030303001403809,72,71,1
1.5030303001403809,71,54,0
1.5030303001403809,72,51,0
1.5030303001403809,74,59,1
1.5030303001403809,64,89,1
1.5030303001403809,63,71,0
1.5030303001403809,64,82,0
1.5030303001403809,73,54,1
1.5030303001403809,56,95,0
1.5030303001403809,67,115,0
1.5030303001403809,57,79,1
1.5030303001403809,61,88,0
1.5030303001403809,70,74,0
1.5030303001403809,72,50,0
1.5030303001403809,74,52,1
1.5030303001403809,67,61,1
1.5030303001403809,58,79,1
1.5030303001403809,63,83,0
1.5030303001403809,74,60,1
1.5030303001403809,64,75,0
1.5030303001403809,74,68,1
1.5030303001403809,75,66,1
1.5030303001403809,59,77,1
1.5030303001403809,65,51,0
1.5030303001403809,66,78,0
1.5030303001403809,74,67,1
1.5030303001403809,65,67,1
1.5030303001403809,75,67,1
1.5030303001403809,64,91,1
1.5030303001403809,72,53,0
1.5030303001403809,64,88,1
1.5030303001403809,67,62,1
1.5030303001403809,56,80,1
1.5030303001403809,67,78,0
1.5030303001403809,64,74,0
1.5030303001403809,60,90,0
1.5030303001403809,64,92,1
1.5030303001403809,68,59,1
1.5030303001403809,56,35,0
1.5030303001403809,66,62,1
1.5030303001403809,50,65,1
1.5030303001403809,72,58,0
1.5030303001403809,67,84,0
1.5030303001403809,69,95,0
1.5030303001403809,68,58,1
1.5030303001403809,54,82,1
1.5030303001403809,69,74,0
1.5030303001403809,60,92,1
1.5030303001403809,65,81,0
1.5030303001403809,73,55,1
1.5030303001403809,63,84,0
1.5030303001403809,73,56,1
1.5030303001403809,68,57,1
1.5030303001403809,58,78,1
1.5030303001403809,72,70,1
1.5030303001403809,57,80,1
1.5030303001403809,67,79,0
1.5030303001403809,74,53,1
1.5030303001403809,71,55,0
1.5030303001403809,67,60,1
1.5030303001403809,72,52,0
1.5030303001403809,56,34,1
1.5030303001403809,61,86,0
1.5030303001403809,59,91,0
1.5030303001403809,73,70,1
1.5030303001403809,53,83,1
1.5030303001403809,61,87,0
1.5030303001403809,65,82,0
1.5030303001403809,74,69,1
1.5030303001403809,74,61,1
1.5030303001403809,60,76,1
1.5030303001403809,64,81,0
1.5030303001403809,75,65,1
1.5030303001403809,55,81,1
1.5030303001403809,60,88,0
1.5030303001403809,59,90,0
1.5030303001403809,56,81,1
1.5030303001403809,62,86,0
1.5030303001403809,64,90,1
1.5030303001403809,71,72,1
1.5030303001403809,59,92,0
1.5030303001403809,69,58,1
1.5030303001403809,66,61,1
1.5030303001403809,55,82,1
1.5030303001403809,71,56,0
1.5030303001403809,74,62,1
1.5030303001403809,70,57,0
1.5030303001403809,71,53,0
1.5030303001403809,56,20,1
1.5030303001403809,59,19,1
1.5030303001403809,68,77,0
1.5030303001403809,60,77,1
1.5030303001403809,62,85,0
1.5030303001403809,60,89,0
1.5030303001403809,68,78,0
1.5030303001403809,69,80,1
1.5030303001403809,74,63,1
1.5030303001403809,67,77,0
1.5030303001403809,49,96,1
1.5030303001403809,66,55,1
1.5030303001403809,59,18,1
1.5030303001403809,67,59,1
1.5030303001403809,68,75,0
1.5030303001403809,66,63,1
1.5030303001403809,69,65,0
1.5030303001403809,74,51,1
1.5030303001403809,66,64,1
1.5030303001403809,73,53,1
1.5030303001403809,68,76,0
1.5030303001403809,73,52,1
1.5030303001403809,64,83,0
1.5030303001403809,65,79,0
1.5030303001403809,59,78,1
1.5030303001403809,66,65,1
1.5030303001403809,57,81,1
1.5030303001403809,73,50,0
1.5030303001403809,56,127,1
1.5030303001403809,72,72,1
1.5030303001403809,52,75,1
1.5030303001403809,72,56,1
1.5030303001403809,58,92,0
1.5030303001403809,70,73,0
1.5030303001403809,64,70,0
1.5030303001403809,69,97,0
1.5030303001403809,73,57,0
1.5030303001403809,69,75,0
1.5030303001403809,57,94,0
1.5030303001403809,73,67,1
1.5030303001403809,73,69,1
1.5030303001403809,58,93,0
1.5030303001403809,65,80,0
1.5030303001403809,66,80,0
1.5060606002807615,65,80,0
1.5060606002807615,73,55,1
1.5060606002807615,67,59,1
1.5060606002807615,66,63,1
1.5060606002807615,66,61,1
1.5060606002807615,73,70,1
1.5060606002807615,55,81,1
1.5060606002807615,58,93,0
1.5060606002807615,73,54,1
1.5060606002807615,72,71,1
1.5060606002807615,62,85,0
1.5060606002807615,68,57,1
1.5060606002807615,63,84,0
1.5060606002807615,63,83,0
1.5060606002807615,57,94,0
1.5060606002807615,70,74,0
1.5060606002807615,64,82,0
1.5060606002807615,73,69,1
1.5060606002807615,61,88,0
1.5060606002807615,74,51,1
1.5060606002807615,67,78,0
1.5060606002807615,66,65,1
1.5060606002807615,66,79,0
1.5060606002807615,58,78,1
1.5060606002807615,68,59,1
1.5060606002807615,60,90,0
1.5060606002807615,54,82,1
1.5060606002807615,68,76,0
1.5060606002807615,65,81,0
1.5060606002807615,74,68,1
1.5060606002807615,68,77,0
1.5060606002807615,59,78,1
1.5060606002807615,66,62,1
1.5060606002807615,59,91,0
1.5060606002807615,64,83,0
1.5060606002807615,68,58,1
1.5060606002807615,67,61,1
1.5060606002807615,73,53,1
1.5060606002807615,66,64,1
1.5060606002807615,69,74,0
1.5060606002807615,67,79,0
1.5060606002807615,73,56,1
1.5060606002807615,60,76,1
1.5060606002807615,69,80,1
1.5060606002807615,71,54,0
1.5060606002807615,57,79,1
1.5060606002807615,74,59,1
1.5060606002807615,56,80,1
1.5060606002807615,59,77,1
1.5060606002807615,67,60,1
1.5060606002807615,57,80,1
1.5060606002807615,73,50,0
1.5060606002807615,62,86,0
1.5060606002807615,73,57,0
1.5060606002807615,71,55,0
1.5060606002807615,72,51,0
1.5060606002807615,58,79,1
1.5060606002807615,74,67,1
1.5060606002807615,72,52,0
1.5060606002807615,71,56,0
1.5060606002807615,53,83,1
1.5060606002807615,71,72,1
1.5060606002807615,70,57,0
1.5060606002807615,69,75,0
1.5060606002807615,60,89,0
1.5060606002807615,61,87,0
1.5090909004211426,66,79,0
1.5090909004211426,73,50,0
1.5090909004211426,72,51,0
1.5090909004211426,71,54,0
1.5090909004211426,58,78,1
1.5090909004211426,67,60,1
1.5090909004211426,56,80,1
1.5090909004211426,65,81,0
1.5090909004211426,66,62,1
1.5090909004211426,68,77,0
1.5090909004211426,61,88,0
1.5090909004211426,54,82,1
1.5090909004211426,72,52,0
1.5090909004211426,64,82,0
1.5090909004211426,68,59,1
1.5090909004211426,62,85,0
1.5090909004211426,66,63,1
1.5090909004211426,69,74,0
1.5090909004211426,67,59,1
1.5090909004211426,60,89,0
1.5090909004211426,71,55,0
1.5090909004211426,59,77,1
1.5090909004211426,67,61,1
1.5090909004211426,63,84,0
1.5090909004211426,55,81,1
1.5090909004211426,61,87,0
1.5090909004211426,66,64,1
1.5090909004211426,67,78,0
1.5090909004211426,65,80,0
1.5090909004211426,62,86,0
1.5090909004211426,73,53,1
1.5090909004211426,57,79,1
1.5090909004211426,68,76,0
1.5090909004211426,69,75,0
1.5090909004211426,66,61,1
1.5090909004211426,64,83,0
1.5090909004211426,68,58,1
1.5090909004211426,59,91,0
1.5090909004211426,58,93,0
1.5090909004211426,70,74,0
1.5121212005615234,55,81,1
1.5121212005615234,61,88,0
1.5121212005615234,63,84,0
1.5121212005615234,66,62,1
1.5121212005615234,70,74,0
1.5121212005615234,68,58,1
1.5121212005615234,65,81,0
1.5121212005615234,67,78,0
1.5121212005615234,57,79,1
1.5121212005615234,66,63,1
1.5121212005615234,67,60,1
1.5121212005615234,58,78,1
1.5121212005615234,66,64,1
1.5121212005615234,68,76,0
1.5121212005615234,64,82,0
1.5121212005615234,68,77,0
1.5121212005615234,67,59,1
1.5121212005615234,66,79,0
1.5121212005615234,64,83,0
1.5121212005615234,56,80,1
1.5121212005615234,69,75,0
1.5121212005615234,59,91,0
1.5121212005615234,62,86,0
1.5121212005615234,68,59,1
1.5121212005615234,59,77,1
1.5151515007019043,61,88,0
1.5151515007019043,64,82,0
1.5151515007019043,68,76,0
1.5151515007019043,57,79,1
1.5151515007019043,62,86,0
1.5151515007019043,67,59,1
1.5151515007019043,59,77,1
1.5151515007019043,65,81,0
1.5151515007019043,55,81,1
1.5151515007019043,66,62,1
1.5151515007019043,58,78,1
1.5151515007019043,70,74,0
1.5151515007019043,67,78,0
1.5151515007019043,66,79,0
1.5151515007019043,66,63,1
1.5151515007019043,69,75,0
1.5151515007019043,68,58,1
1.5151515007019043,63,84,0
1.5151515007019043,56,80,1
1.5151515007019043,67,60,1
1.5181818008422852,59,77,1
1.5181818008422852,65,81,0
1.5181818008422852,68,76,0
1.5181818008422852,66,79,0
1.5181818008422852,70,74,0
1.5181818008422852,62,86,0
1.5181818008422852,66,62,1
1.5181818008422852,67,78,0
1.5181818008422852,57,79,1
1.5181818008422852,68,58,1
1.5181818008422852,63,84,0
1.5181818008422852,69,75,0
1.5181818008422852,67,60,1
1.5181818008422852,66,63,1
1.521212100982666,70,74,0
1.521212100982666,63,84,0
1.521212100982666,66,79,0
1.521212100982666,62,86,0
1.521212100982666,68,58,1
1.521212100982666,65,81,0
1.521212100982666,69,75,0
1.521212100982666,66,63,1
1.5242424011230469,62,86,0
1.5242424011230469,63,84,0
1.5242424011230469,70,74,0
1.5242424011230469,66,79,0
1.5242424011230469,68,58,1
1.5242424011230469,65,81,0
1.5272727012634275,62,86,0
1.5272727012634275,70,74,0
1.5272727012634275,68,58,1
1.5303030014038086,62,86,0
1.5303030014038086,68,58,1
1.5333333015441897,68,58,1
1.5366666316986084,62,91,1
1.5366666316986084,56,95,0
1.5366666316986084,58,93,0
1.5366666316986084,68,75,0
1.5366666316986084,56,81,1
1.5366666316986084,73,69,1
1.5366666316986084,69,64,0
1.5366666316986084,72,54,1
1.5366666316986084,67,60,1
1.5366666316986084,74,64,1
1.5366666316986084,62,84,0
1.5366666316986084,59,77,1
1.5366666316986084,66,78,0
1.5366666316986084,60,18,1
1.5366666316986084,51,117,1
1.5366666316986084,57,78,1
1.5366666316986084,66,63,1
1.5366666316986084,63,83,0
1.5366666316986084,73,66,1
1.5366666316986084,59,76,1
1.5366666316986084,58,78,1
1.5366666316986084,67,58,1
1.5366666316986084,62,85,0
1.5366666316986084,70,72,0
1.5366666316986084,70,73,0
1.5366666316986084,75,64,1
1.5366666316986084,71,71,1
1.5366666316986084,71,54,0
1.5366666316986084,60,88,0
1.5366666316986084,74,58,1
1.5366666316986084,68,74,0
1.5366666316986084,58,92,0
1.5366666316986084,68,76,0
1.5366666316986084,67,57,1
1.5366666316986084,63,82,0
1.5366666316986084,62,74,1
1.5366666316986084,54,82,1
1.5366666316986084,58,77,1
1.5366666316986084,55,81,1
1.5366666316986084,69,73,0
1.5366666316986084,67,77,0
1.5366666316986084,59,20,1
1.5366666316986084,70,56,0
1.5366666316986084,73,53,1
1.5366666316986084,57,94,0
1.5366666316986084,62,86,0
1.5366666316986084,60,90,0
1.5366666316986084,66,79,0
1.5366666316986084,66,77,0
1.5366666316986084,68,56,1
1.5366666316986084,73,56,0
1.5366666316986084,60,77,1
1.5366666316986084,53,83,1
1.5366666316986084,63,84,0
1.5366666316986084,71,51,0
1.5366666316986084,71,53,0
1.5366666316986084,64,71,0
1.5366666316986084,73,67,1
1.5366666316986084,73,49,0
1.5366666316986084,61,75,1
1.5366666316986084,68,58,1
1.5366666316986084,67,59,1
1.5366666316986084,53,82,1
1.5366666316986084,61,86,0
1.5366666316986084,53,63,1
1.5366666316986084,65,79,0
1.5366666316986084,73,65,1
1.5366666316986084,51,70,0
1.5366666316986084,74,62,1
1.5366666316986084,56,80,1
1.5366666316986084,69,81,0
1.5366666316986084,66,61,1
1.5366666316986084,72,71,1
1.5366666316986084,66,62,1
1.5366666316986084,73,52,1
1.5366666316986084,60,76,1
1.5366666316986084,74,65,1
1.5366666316986084,64,80,0
1.5366666316986084,64,81,0
1.5366666316986084,52,77,0
1.5366666316986084,66,64,1
1.5366666316986084,64,69,0
1.5366666316986084,63,85,0
1.5366666316986084,64,70,0
1.5366666316986084,71,72,1
1.5366666316986084,74,61,1
1.5366666316986084,72,51,0
1.5366666316986084,73,59,1
1.5366666316986084,72,70,1
1.5366666316986084,70,55,0
1.5366666316986084,74,66,1
1.5366666316986084,72,55,1
1.5366666316986084,71,70,1
1.5366666316986084,57,79,1
1.5366666316986084,72,49,0
1.5366666316986084,55,96,0
1.5366666316986084,73,68,1
1.5366666316986084,67,76,0
1.5366666316986084,69,74,0
1.5366666316986084,74,59,1
1.5366666316986084,70,57,0
1.5366666316986084,68,57,1
1.5366666316986084,56,99,1
1.5366666316986084,60,89,0
1.5366666316986084,70,54,0
1.5366666316986084,66,100,1
1.5366666316986084,57,93,0
1.5366666316986084,66,59,1
1.5366666316986084,59,91,0
1.5366666316986084,72,50,0
1.5366666316986084,70,74,0
1.5366666316986084,71,52,0
1.5366666316986084,63,92,1
1.5366666316986084,63,70,0
1.5366666316986084,69,75,0
1.5366666316986084,71,50,0
1.5366666316986084,73,54,1
1.5366666316986084,73,51,1
1.5366666316986084,67,78,0
1.5366666316986084,73,50,1
1.5366666316986084,72,57,0
1.5366666316986084,74,67,1
1.5366666316986084,66,60,1
1.5366666316986084,59,90,0
1.5366666316986084,72,69,1
1.5366666316986084,65,80,0
1.5366666316986084,64,82,0
1.5366666316986084,61,87,0
1.5366666316986084,72,53,1
1.5399999618530271,72,49,0
1.5399999618530271,66,62,1
1.5399999618530271,66,61,1
1.5399999618530271,72,54,1
1.5399999618530271,68,57,1
1.5399999618530271,69,74,0
1.5399999618530271,67,77,0
1.5399999618530271,62,85,0
1.5399999618530271,60,89,0
1.5399999618530271,59,90,0
1.5399999618530271,59,77,1
1.5399999618530271,58,92,0
1.5399999618530271,71,53,0
1.5399999618530271,68,58,1
1.5399999618530271,65,79,0
1.5399999618530271,72,70,1
1.5399999618530271,57,94,0
1.5399999618530271,61,87,0
1.5399999618530271,63,84,0
1.5399999618530271,73,50,1
1.5399999618530271,72,53,1
1.5399999618530271,73,68,1
1.5399999618530271,71,71,1
1.5399999618530271,64,81,0
1.5399999618530271,58,93,0
1.5399999618530271,63,82,0
1.5399999618530271,67,58,1
1.5399999618530271,70,74,0
1.5399999618530271,64,82,0
1.5399999618530271,57,79,1
1.5399999618530271,64,69,0
1.5399999618530271,71,51,0
1.5399999618530271,56,80,1
1.5399999618530271,55,81,1
1.5399999618530271,68,76,0
1.5399999618530271,69,73,0
1.5399999618530271,74,61,1
1.5399999618530271,72,55,1
1.5399999618530271,72,50,0
1.5399999618530271,65,80,0
1.5399999618530271,70,73,0
1.5399999618530271,70,55,0
1.5399999618530271,67,59,1
1.5399999618530271,60,88,0
1.5399999618530271,73,56,0
1.5399999618530271,58,77,1
1.5399999618530271,70,56,0
1.5399999618530271,73,52,1
1.5399999618530271,63,83,0
1.5399999618530271,73,51,1
1.5399999618530271,60,76,1
1.5399999618530271,72,69,1
1.5399999618530271,66,60,1
1.5399999618530271,74,66,1
1.5399999618530271,74,67,1
1.5399999618530271,59,76,1
1.5399999618530271,61,86,0
1.5399999618530271,66,78,0
1.5399999618530271,59,91,0
1.5399999618530271,62,84,0
1.5399999618530271,70,54,0
1.5399999618530271,71,52,0
1.5399999618530271,66,63,1
1.5399999618530271,58,78,1
1.5399999618530271,73,69,1
1.5399999618530271,54,82,1
1.5399999618530271,66,79,0
1.5399999618530271,68,75,0
1.5399999618530271,67,78,0
1.5433332920074463,72,54,1
1.5433332920074463,57,94,0
1.5433332920074463,64,82,0
1.5433332920074463,71,53,0
1.5433332920074463,55,81,1
1.5433332920074463,65,79,0
1.5433332920074463,56,80,1
1.5433332920074463,70,73,0
1.5433332920074463,61,87,0
1.5433332920074463,67,58,1
1.5433332920074463,58,78,1
1.5433332920074463,72,50,0
1.5433332920074463,66,61,1
1.5433332920074463,68,57,1
1.5433332920074463,68,76,0
1.5433332920074463,67,59,1
1.5433332920074463,67,77,0
1.5433332920074463,68,75,0
1.5433332920074463,70,56,0
1.5433332920074463,71,52,0
1.5433332920074463,72,49,0
1.5433332920074463,69,74,0
1.5433332920074463,66,62,1
1.5433332920074463,73,68,1
1.5433332920074463,74,66,1
1.5433332920074463,70,55,0
1.5433332920074463,59,76,1
1.5433332920074463,59,91,0
1.5433332920074463,67,78,0
1.5433332920074463,66,60,1
1.5433332920074463,60,89,0
1.5433332920074463,63,83,0
1.5433332920074463,59,77,1
1.5433332920074463,57,79,1
1.5433332920074463,58,92,0
1.5433332920074463,62,85,0
1.5433332920074463,72,55,1
1.5433332920074463,66,78,0
1.5433332920074463,63,84,0
1.5433332920074463,64,81,0
1.5433332920074463,65,80,0
1.5466666221618652,69,74,0
1.5466666221618652,64,82,0
1.5466666221618652,61,87,0
1.5466666221618652,66,78,0
1.5466666221618652,68,76,0
1.5466666221618652,65,80,0
1.5466666221618652,62,85,0
1.5466666221618652,59,77,1
1.5466666221618652,57,79,1
1.5466666221618652,68,75,0
1.5466666221618652,67,77,0
1.5466666221618652,57,94,0
1.5466666221618652,60,89,0
1.5466666221618652,68,57,1
1.5466666221618652,66,60,1
1.5466666221618652,66,62,1
1.5466666221618652,59,91,0
1.5466666221618652,63,83,0
1.5466666221618652,59,76,1
1.5466666221618652,65,79,0
1.5466666221618652,67,58,1
1.5466666221618652,70,73,0
1.5466666221618652,67,59,1
1.5466666221618652,64,81,0
1.5466666221618652,66,61,1
1.5466666221618652,58,78,1
1.5466666221618652,56,80,1
1.5466666221618652,71,52,0
1.5499999523162842,67,58,1
1.5499999523162842,63,83,0
1.5499999523162842,64,81,0
1.5499999523162842,60,89,0
1.5499999523162842,57,79,1
1.5499999523162842,67,77,0
1.5499999523162842,58,78,1
1.5499999523162842,65,80,0
1.5499999523162842,64,82,0
1.5499999523162842,70,73,0
1.5499999523162842,57,94,0
1.5499999523162842,68,75,0
1.5499999523162842,69,74,0
1.5499999523162842,68,57,1
1.5499999523162842,66,78,0
1.5499999523162842,59,91,0
1.5499999523162842,62,85,0
1.5499999523162842,61,87,0
1.553333401679993,65,80,0
1.553333401679993,60,89,0
1.553333401679993,70,73,0
1.553333401679993,62,85,0
1.553333401679993,66,78,0
1.553333401679993,64,82,0
1.553333401679993,69,74,0
1.553333401679993,67,58,1
1.553333401679993,68,75,0
1.553333401679993,61,87,0
1.553333401679993,67,77,0
1.553333401679993,68,57,1
1.553333401679993,57,94,0
1.5566667318344116,66,78,0
1.5566667318344116,64,82,0
1.5566667318344116,69,74,0
1.5566667318344116,60,89,0
1.5566667318344116,61,87,0
1.5566667318344116,67,77,0
1.5566667318344116,62,85,0
1.5566667318344116,67,58,1
1.5566667318344116,65,80,0
1.5566667318344116,70,73,0
1.5600000619888306,62,85,0
1.5600000619888306,67,77,0
1.5600000619888306,60,89,0
1.5600000619888306,61,87,0
1.5600000619888306,69,74,0
1.5600000619888306,70,73,0
1.5600000619888306,67,58,1
1.5600000619888306,65,80,0
1.5633333921432495,65,80,0
1.5633333921432495,70,73,0
1.5633333921432495,69,74,0
1.5666667222976685,65,80,0
1.5666667222976685,69,74,0
1.5700000524520874,53,82,1
1.5700000524520874,74,65,1
1.5700000524520874,73,58,1
1.5700000524520874,73,49,1
1.5700000524520874,58,92,0
1.5700000524520874,55,80,1
1.5700000524520874,72,48,0
1.5700000524520874,54,97,0
1.5700000524520874,73,66,1
1.5700000524520874,60,15,1
1.5700000524520874,59,77,1
1.5700000524520874,63,82,0
1.5700000524520874,61,106,1
1.5700000524520874,71,56,0
1.5700000524520874,74,61,1
1.5700000524520874,68,56,1
1.5700000524520874,70,72,0
1.5700000524520874,58,76,1
1.5700000524520874,68,74,0
1.5700000524520874,49,105,1
1.5700000524520874,66,60,1
1.5700000524520874,72,52,1
1.5700000524520874,58,16,1
1.5700000524520874,62,84,0
1.5700000524520874,57,16,1
1.5700000524520874,74,60,1
1.5700000524520874,57,75,1
1.5700000524520874,71,70,1
1.5700000524520874,62,105,1
1.5700000524520874,64,93,1
1.5700000524520874,64,81,0
1.5700000524520874,66,77,0
1.5700000524520874,68,75,0
1.5700000524520874,57,94,0
1.5700000524520874,56,95,0
1.5700000524520874,69,74,0
1.5700000524520874,52,98,1
1.5700000524520874,56,80,1
1.5700000524520874,71,49,0
1.5700000524520874,60,89,0
1.5700000524520874,69,78,1
1.5700000524520874,65,95,1
1.5700000524520874,63,69,0
1.5700000524520874,72,55,0
1.5700000524520874,65,43,1
1.5700000524520874,73,68,1
1.5700000524520874,69,54,0
1.5700000524520874,74,66,1
1.5700000524520874,70,53,0
1.5700000524520874,71,50,0
1.5700000524520874,72,51,1
1.5700000524520874,60,75,1
1.5700000524520874,67,77,0
1.5700000524520874,66,55,0
1.5700000524520874,57,78,1
1.5700000524520874,63,72,0
1.5700000524520874,51,70,0
1.5700000524520874,53,83,1
1.5700000524520874,59,91,0
1.5700000524520874,67,75,0
1.5700000524520874,61,87,0
1.5700000524520874,72,69,1
1.5700000524520874,73,51,1
1.5700000524520874,66,78,0
1.5700000524520874,69,56,0
1.5700000524520874,66,58,1
1.5700000524520874,69,72,0
1.5700000524520874,52,77,0
1.5700000524520874,59,99,1
1.5700000524520874,63,71,0
1.5700000524520874,64,69,0
1.5700000524520874,69,81,1
1.5700000524520874,57,79,1
1.5700000524520874,68,73,0
1.5700000524520874,71,55,1
1.5700000524520874,71,51,0
1.5700000524520874,63,83,0
1.5700000524520874,66,96,1
1.5700000524520874,50,102,1
1.5700000524520874,73,67,1
1.5700000524520874,69,55,0
1.5700000524520874,55,81,1
1.5700000524520874,67,57,1
1.5700000524520874,58,91,0
1.5700000524520874,71,48,0
1.5700000524520874,63,70,0
1.5700000524520874,54,70,0
1.5700000524520874,55,82,1
1.5700000524520874,64,95,1
1.5700000524520874,74,64,1
1.5700000524520874,72,54,1
1.5700000524520874,61,86,0
1.5700000524520874,65,79,0
1.5700000524520874,72,53,1
1.5700000524520874,64,73,0
1.5700000524520874,66,59,1
1.5700000524520874,72,67,1
1.5700000524520874,59,90,0
1.5700000524520874,67,55,1
1.5700000524520874,62,87,0
1.5700000524520874,67,58,1
1.5700000524520874,69,77,1
1.5700000524520874,70,83,1
1.5700000524520874,55,19,1
1.5700000524520874,66,61,1
1.5700000524520874,64,83,0
1.5700000524520874,70,51,0
1.5700000524520874,64,68,0
1.5700000524520874,73,60,1
1.5700000524520874,70,50,0
1.5700000524520874,67,76,0
1.5700000524520874,74,63,1
1.5700000524520874,68,78,1
1.5700000524520874,60,87,0
1.5700000524520874,57,93,0
1.5700000524520874,63,81,0
1.5700000524520874,58,78,1
1.5700000524520874,60,88,0
1.5700000524520874,59,89,0
1.5700000524520874,64,67,0
1.5700000524520874,69,73,0
1.5700000524520874,64,79,0
1.5700000524520874,56,79,1
1.5700000524520874,72,68,1
1.5700000524520874,55,96,0
1.5700000524520874,70,54,0
1.5700000524520874,72,50,1
1.5700000524520874,70,52,0
1.5700000524520874,54,82,1
1.5700000524520874,58,77,1
1.5700000524520874,71,69,1
1.5700000524520874,56,17,1
1.5700000524520874,73,50,1
1.5700000524520874,62,85,0
1.5700000524520874,71,53,1
1.5700000524520874,71,71,1
1.5700000524520874,57,80,1
1.5700000524520874,65,78,0
1.5700000524520874,65,96,1
1.5700000524520874,67,56,1
1.5700000524520874,59,76,1
1.5700000524520874,73,61,1
1.5700000524520874,62,83,0
1.5700000524520874,71,54,1
1.5700000524520874,52,76,0
1.5700000524520874,64,80,0
1.5700000524520874,63,107,1
1.5700000524520874,53,98,1
1.5700000524520874,69,82,1
1.5700000524520874,70,71,0
1.5700000524520874,68,77,1
1.5700000524520874,56,74,1
1.5700000524520874,52,99,1
1.5700000524520874,73,57,1
1.5700000524520874,54,81,1
1.5700000524520874,69,58,1
1.5700000524520874,61,85,0
1.5700000524520874,67,84,1
1.5733333826065063,67,58,1
1.5733333826065063,60,88,0
1.5733333826065063,73,58,1
1.5733333826065063,73,67,1
1.5733333826065063,61,86,0
1.5733333826065063,66,60,1
1.5733333826065063,52,77,0
1.5733333826065063,56,79,1
1.5733333826065063,51,70,0
1.5733333826065063,66,78,0
1.5733333826065063,74,64,1
1.5733333826065063,55,81,1
1.5733333826065063,64,80,0
1.5733333826065063,54,82,1
1.5733333826065063,72,48,0
1.5733333826065063,71,50,0
1.5733333826065063,57,79,1
1.5733333826065063,66,59,1
1.5733333826065063,70,52,0
1.5733333826065063,64,68,0
1.5733333826065063,60,89,0
1.5733333826065063,69,55,0
1.5733333826065063,62,84,0
1.5733333826065063,70,72,0
1.5733333826065063,68,73,0
1.5733333826065063,59,90,0
1.5733333826065063,72,50,1
1.5733333826065063,62,85,0
1.5733333826065063,72,52,1
1.5733333826065063,64,81,0
1.5733333826065063,58,77,1
1.5733333826065063,68,74,0
1.5733333826065063,59,91,0
1.5733333826065063,57,94,0
1.5733333826065063,68,56,1
1.5733333826065063,61,85,0
1.5733333826065063,70,53,0
1.5733333826065063,63,83,0
1.5733333826065063,61,87,0
1.5733333826065063,66,77,0
1.5733333826065063,71,70,1
1.5733333826065063,68,75,0
1.5733333826065063,56,95,0
1.5733333826065063,69,56,0
1.5733333826065063,69,73,0
1.5733333826065063,74,65,1
1.5733333826065063,56,80,1
1.5733333826065063,55,80,1
1.5733333826065063,71,49,0
1.5733333826065063,58,78,1
1.5733333826065063,63,82,0
1.5733333826065063,57,78,1
1.5733333826065063,67,75,0
1.5733333826065063,66,58,1
1.5733333826065063,67,57,1
1.5733333826065063,72,68,1
1.5733333826065063,65,78,0
1.5733333826065063,65,79,0
1.5733333826065063,67,56,1
1.5733333826065063,53,82,1
1.5733333826065063,58,92,0
1.5733333826065063,70,51,0
1.5733333826065063,67,76,0
1.5733333826065063,70,54,0
1.5733333826065063,59,76,1
1.5733333826065063,71,48,0
1.5733333826065063,67,77,0
1.5733333826065063,69,72,0
1.5733333826065063,72,51,1
1.5766667127609253,66,78,0
1.5766667127609253,63,82,0
1.5766667127609253,60,88,0
1.5766667127609253,58,77,1
1.5766667127609253,58,92,0
1.5766667127609253,67,77,0
1.5766667127609253,66,58,1
1.5766667127609253,67,75,0
1.5766667127609253,66,77,0
1.5766667127609253,72,52,1
1.5766667127609253,68,74,0
1.5766667127609253,67,76,0
1.5766667127609253,60,89,0
1.5766667127609253,56,95,0
1.5766667127609253,71,49,0
1.5766667127609253,64,81,0
1.5766667127609253,61,86,0
1.5766667127609253,56,79,1
1.5766667127609253,59,76,1
1.5766667127609253,69,72,0
1.5766667127609253,57,94,0
1.5766667127609253,53,82,1
1.5766667127609253,70,53,0
1.5766667127609253,67,56,1
1.5766667127609253,65,79,0
1.5766667127609253,64,80,0
1.5766667127609253,57,78,1
1.5766667127609253,70,52,0
1.5766667127609253,61,87,0
1.5766667127609253,67,57,1
1.5766667127609253,62,85,0
1.5766667127609253,68,56,1
1.5766667127609253,59,91,0
1.5766667127609253,63,83,0
1.5766667127609253,70,72,0
1.5766667127609253,72,51,1
1.5766667127609253,69,56,0
1.5766667127609253,62,84,0
1.5766667127609253,69,73,0
1.5766667127609253,65,78,0
1.5766667127609253,66,59,1
1.5800000429153442,56,95,0
1.5800000429153442,59,76,1
1.5800000429153442,66,58,1
1.5800000429153442,57,78,1
1.5800000429153442,62,85,0
1.5800000429153442,67,76,0
1.5800000429153442,66,77,0
1.5800000429153442,70,72,0
1.5800000429153442,66,78,0
1.5800000429153442,66,59,1
1.5800000429153442,64,81,0
1.5800000429153442,69,73,0
1.5800000429153442,71,49,0
1.5800000429153442,67,57,1
1.5800000429153442,61,86,0
1.5800000429153442,58,92,0
1.5800000429153442,58,77,1
1.5800000429153442,65,79,0
1.5800000429153442,67,56,1
1.5800000429153442,68,74,0
1.5800000429153442,72,52,1
1.5800000429153442,65,78,0
1.5800000429153442,63,83,0
1.5800000429153442,56,79,1
1.5800000429153442,64,80,0
1.5800000429153442,62,84,0
1.5800000429153442,60,89,0
1.5800000429153442,63,82,0
1.5833333730697632,67,57,1
1.5833333730697632,65,78,0
1.5833333730697632,67,56,1
1.5833333730697632,67,76,0
1.5833333730697632,70,72,0
1.5833333730697632,66,58,1
1.5833333730697632,69,73,0
1.5833333730697632,64,81,0
1.5833333730697632,62,84,0
1.5833333730697632,68,74,0
1.5833333730697632,63,82,0
1.5833333730697632,58,77,1
1.5833333730697632,57,78,1
1.5833333730697632,56,79,1
1.5833333730697632,63,83,0
1.5833333730697632,65,79,0
1.5833333730697632,61,86,0
1.586666703224182,67,57,1
1.586666703224182,65,79,0
1.586666703224182,69,73,0
1.586666703224182,57,78,1
1.586666703224182,68,74,0
1.586666703224182,70,72,0
1.586666703224182,67,76,0
1.586666703224182,64,81,0
1.586666703224182,58,77,1
1.586666703224182,63,83,0
1.590000033378601,63,83,0
1.590000033378601,65,79,0
1.590000033378601,68,74,0
1.590000033378601,58,77,1
1.590000033378601,70,72,0
1.590000033378601,67,57,1
1.590000033378601,64,81,0
1.590000033378601,69,73,0
1.590000033378601,67,76,0
1.59333336353302,68,74,0
1.59333336353302,67,76,0
1.59333336353302,58,77,1
1.59333336353302,65,79,0
1.59333336353302,63,83,0
1.59333336353302,64,81,0
1.59333336353302,69,73,0
1.596666693687439,68,74,0
1.596666693687439,65,79,0
1.596666693687439,64,81,0
1.600000023841858,65,79,0
1.6027778387069702,72,67,1
1.6027778387069702,64,82,0
1.6027778387069702,56,94,0
1.6027778387069702,63,127,0
1.6027778387069702,69,55,0
1.6027778387069702,67,56,1
1.6027778387069702,56,32,1
1.6027778387069702,71,50,1
1.6027778387069702,57,18,1
1.6027778387069702,71,53,1
1.6027778387069702,74,62,1
1.6027778387069702,68,57,1
1.6027778387069702,61,88,0
1.6027778387069702,64,79,0
1.6027778387069702,69,51,0
1.6027778387069702,68,82,1
1.6027778387069702,68,74,0
1.6027778387069702,72,51,1
1.6027778387069702,54,22,1
1.6027778387069702,65,62,0
1.6027778387069702,66,109,0
1.6027778387069702,64,65,0
1.6027778387069702,65,67,0
1.6027778387069702,57,77,1
1.6027778387069702,55,101,1
1.6027778387069702,63,68,0
1.6027778387069702,66,119,0
1.6027778387069702,72,48,1
1.6027778387069702,62,70,0
1.6027778387069702,73,58,1
1.6027778387069702,57,79,1
1.6027778387069702,59,15,1
1.6027778387069702,62,83,0
1.6027778387069702,70,51,0
1.6027778387069702,65,94,1
1.6027778387069702,62,86,0
1.6027778387069702,57,93,0
1.6027778387069702,62,85,0
1.6027778387069702,51,54,1
1.6027778387069702,52,80,0
1.6027778387069702,73,56,1
1.6027778387069702,65,60,0
1.6027778387069702,62,84,0
1.6027778387069702,67,75,0
1.6027778387069702,67,74,0
1.6027778387069702,59,76,1
1.6027778387069702,66,76,0
1.6027778387069702,71,69,1
1.6027778387069702,71,51,1
1.6027778387069702,68,72,0
1.6027778387069702,67,55,1
1.6027778387069702,48,117,1
1.6027778387069702,64,67,0
1.6027778387069702,66,58,1
1.6027778387069702,66,57,1
1.6027778387069702,69,73,0
1.6027778387069702,68,104,1
1.6027778387069702,58,77,1
1.6027778387069702,64,66,0
1.6027778387069702,59,90,0
1.6027778387069702,71,68,1
1.6027778387069702,72,68,1
1.6027778387069702,59,75,1
1.6027778387069702,69,71,0
1.6027778387069702,69,100,1
1.6027778387069702,60,87,0
1.6027778387069702,63,80,0
1.6027778387069702,69,88,1
1.6027778387069702,72,57,1
1.6027778387069702,56,79,1
1.6027778387069702,56,80,1
1.6027778387069702,68,81,1
1.6027778387069702,72,65,1
1.6027778387069702,61,89,0
1.6027778387069702,71,54,1
1.6027778387069702,58,92,0
1.6027778387069702,70,73,0
1.6027778387069702,74,63,1
1.6027778387069702,52,78,0
1.6027778387069702,63,82,0
1.6027778387069702,57,94,0
1.6027778387069702,70,71,0
1.6027778387069702,72,66,1
1.6027778387069702,71,52,1
1.6027778387069702,69,74,0
1.6027778387069702,63,88,1
1.6027778387069702,70,50,0
1.6027778387069702,54,81,1
1.6027778387069702,56,95,0
1.6027778387069702,70,70,0
1.6027778387069702,70,72,0
1.6027778387069702,73,63,1
1.6027778387069702,68,55,0
1.6027778387069702,63,73,0
1.6027778387069702,58,91,0
1.6027778387069702,61,85,0
1.6027778387069702,58,76,1
1.6027778387069702,72,49,1
1.6027778387069702,63,81,0
1.6027778387069702,73,64,1
1.6027778387069702,54,82,1
1.6027778387069702,66,56,1
1.6027778387069702,62,82,0
1.6027778387069702,65,61,0
1.6027778387069702,71,48,0
1.6027778387069702,60,88,0
1.6027778387069702,55,81,1
1.6027778387069702,73,59,1
1.6027778387069702,63,84,0
1.6027778387069702,65,79,0
1.6027778387069702,70,49,0
1.6027778387069702,64,80,0
1.6027778387069702,73,57,1
1.6027778387069702,73,66,1
1.6027778387069702,64,78,0
1.6027778387069702,69,52,0
1.6027778387069702,72,50,1
1.6027778387069702,71,55,0
1.6027778387069702,70,48,0
1.6027778387069702,69,54,0
1.6027778387069702,63,69,0
1.6027778387069702,52,117,1
1.6027778387069702,55,96,0
1.6027778387069702,57,78,1
1.6027778387069702,73,60,1
1.6027778387069702,71,47,0
1.6027778387069702,62,113,1
1.6027778387069702,59,89,0
1.6027778387069702,55,80,1
1.6027778387069702,65,78,0
1.6027778387069702,69,72,0
1.6027778387069702,52,79,0
1.6027778387069702,66,77,0
1.6027778387069702,69,53,0
1.6027778387069702,65,65,0
1.6027778387069702,68,107,1
1.6027778387069702,69,92,1
1.6027778387069702,68,83,1
1.6027778387069702,61,84,0
1.6027778387069702,61,86,0
1.6027778387069702,60,116,1
1.6027778387069702,67,110,1
1.6027778387069702,52,81,0
1.6027778387069702,64,81,0
1.6027778387069702,53,82,1
1.6027778387069702,69,97,0
1.6027778387069702,68,73,0
1.6027778387069702,65,77,0
1.6027778387069702,67,76,0
1.6027778387069702,73,65,1
1.6055556535720823,54,82,1
1.6055556535720823,73,56,1
1.6055556535720823,69,53,0
1.6055556535720823,69,71,0
1.6055556535720823,57,78,1
1.6055556535720823,58,76,1
1.6055556535720823,60,87,0
1.6055556535720823,56,80,1
1.6055556535720823,62,83,0
1.6055556535720823,72,67,1
1.6055556535720823,68,74,0
1.6055556535720823,71,68,1
1.6055556535720823,67,75,0
1.6055556535720823,63,82,0
1.6055556535720823,62,84,0
1.6055556535720823,72,50,1
1.6055556535720823,64,79,0
1.6055556535720823,70,50,0
1.6055556535720823,66,57,1
1.6055556535720823,69,52,0
1.6055556535720823,56,79,1
1.6055556535720823,70,48,0
1.6055556535720823,67,56,1
1.6055556535720823,67,76,0
1.6055556535720823,67,55,1
1.6055556535720823,68,72,0
1.6055556535720823,59,89,0
1.6055556535720823,69,72,0
1.6055556535720823,66,77,0
1.6055556535720823,71,51,1
1.6055556535720823,60,88,0
1.6055556535720823,73,60,1
1.6055556535720823,59,90,0
1.6055556535720823,53,82,1
1.6055556535720823,65,78,0
1.6055556535720823,73,59,1
1.6055556535720823,70,72,0
1.6055556535720823,59,76,1
1.6055556535720823,72,49,1
1.6055556535720823,66,58,1
1.6055556535720823,58,92,0
1.6055556535720823,61,86,0
1.6055556535720823,71,69,1
1.6055556535720823,58,77,1
1.6055556535720823,58,91,0
1.6055556535720823,70,49,0
1.6055556535720823,71,48,0
1.6055556535720823,54,81,1
1.6055556535720823,55,80,1
1.6055556535720823,69,74,0
1.6055556535720823,73,64,1
1.6055556535720823,64,80,0
1.6055556535720823,65,77,0
1.6055556535720823,61,85,0
1.6055556535720823,66,76,0
1.6055556535720823,63,81,0
1.6055556535720823,56,95,0
1.6055556535720823,71,52,1
1.6055556535720823,70,71,0
1.6055556535720823,69,54,0
1.6055556535720823,72,66,1
1.6055556535720823,71,47,0
1.6055556535720823,71,53,1
1.6055556535720823,71,55,0
1.6055556535720823,68,73,0
1.6055556535720823,69,55,0
1.6055556535720823,73,65,1
1.6055556535720823,67,74,0
1.6055556535720823,66,56,1
1.6083333492279053,67,74,0
1.6083333492279053,63,82,0
1.6083333492279053,67,75,0
1.6083333492279053,58,77,1
1.6083333492279053,66,76,0
1.6083333492279053,58,76,1
1.6083333492279053,61,85,0
1.6083333492279053,54,81,1
1.6083333492279053,67,55,1
1.6083333492279053,68,72,0
1.6083333492279053,64,80,0
1.6083333492279053,60,87,0
1.6083333492279053,66,57,1
1.6083333492279053,69,54,0
1.6083333492279053,68,74,0
1.6083333492279053,69,72,0
1.6083333492279053,66,77,0
1.6083333492279053,57,78,1
1.6083333492279053,69,55,0
1.6083333492279053,70,71,0
1.6083333492279053,65,78,0
1.6083333492279053,53,82,1
1.6083333492279053,64,79,0
1.6083333492279053,63,81,0
1.6083333492279053,71,47,0
1.6083333492279053,67,56,1
1.6083333492279053,56,95,0
1.6083333492279053,56,79,1
1.6083333492279053,67,76,0
1.6083333492279053,71,53,1
1.6083333492279053,65,77,0
1.6083333492279053,70,49,0
1.6083333492279053,71,52,1
1.6083333492279053,73,59,1
1.6083333492279053,70,50,0
1.6083333492279053,55,80,1
1.6083333492279053,62,83,0
1.6083333492279053,59,90,0
1.6083333492279053,72,49,1
1.6083333492279053,69,53,0
1.6083333492279053,69,71,0
1.6083333492279053,68,73,0
1.6083333492279053,58,92,0
1.6083333492279053,62,84,0
1.6083333492279053,61,86,0
1.6083333492279053,60,88,0
1.6111111640930176,62,84,0
1.6111111640930176,61,86,0
1.6111111640930176,69,72,0
1.6111111640930176,54,81,1
1.6111111640930176,67,75,0
1.6111111640930176,63,81,0
1.6111111640930176,70,71,0
1.6111111640930176,53,82,1
1.6111111640930176,63,82,0
1.6111111640930176,55,80,1
1.6111111640930176,58,92,0
1.6111111640930176,67,56,1
1.6111111640930176,64,80,0
1.6111111640930176,58,76,1
1.6111111640930176,68,73,0
1.6111111640930176,57,78,1
1.6111111640930176,66,76,0
1.6111111640930176,67,74,0
1.6111111640930176,60,88,0
1.6111111640930176,66,77,0
1.6111111640930176,64,79,0
1.6111111640930176,66,57,1
1.6111111640930176,65,77,0
1.6111111640930176,65,78,0
1.6111111640930176,62,83,0
1.6111111640930176,59,90,0
1.6111111640930176,58,77,1
1.6111111640930176,56,79,1
1.61388897895813,68,73,0
1.61388897895813,66,77,0
1.61388897895813,55,80,1
1.61388897895813,58,76,1
1.61388897895813,67,74,0
1.61388897895813,58,92,0
1.61388897895813,53,82,1
1.61388897895813,65,78,0
1.61388897895813,59,90,0
1.61388897895813,66,57,1
1.61388897895813,67,75,0
1.61388897895813,62,84,0
1.61388897895813,63,82,0
1.61388897895813,56,79,1
1.61388897895813,54,81,1
1.61388897895813,69,72,0
1.61388897895813,70,71,0
1.61388897895813,57,78,1
1.61388897895813,61,86,0
1.61388897895813,60,88,0
1.61388897895813,64,80,0
1.6166666746139526,67,74,0
1.6166666746139526,67,75,0
1.6166666746139526,58,76,1
1.6166666746139526,65,78,0
1.6166666746139526,59,90,0
1.6166666746139526,60,88,0
1.6166666746139526,61,86,0
1.6166666746139526,63,82,0
1.6166666746139526,64,80,0
1.6166666746139526,68,73,0
1.6166666746139526,55,80,1
1.6166666746139526,66,57,1
1.6166666746139526,62,84,0
1.6166666746139526,54,81,1
1.6166666746139526,66,77,0
1.6166666746139526,69,72,0
1.6166666746139526,70,71,0
1.6166666746139526,53,82,1
1.619444489479065,65,78,0
1.619444489479065,60,88,0
1.619444489479065,63,82,0
1.619444489479065,61,86,0
1.619444489479065,62,84,0
1.619444489479065,67,75,0
1.619444489479065,68,73,0
1.619444489479065,69,72,0
1.619444489479065,66,77,0
1.619444489479065,64,80,0
1.6222221851348877,66,77,0
1.6222221851348877,69,72,0
1.6222221851348877,61,86,0
1.6222221851348877,62,84,0
1.6222221851348877,67,75,0
1.6222221851348877,65,78,0
1.6222221851348877,63,82,0
1.6222221851348877,64,80,0
1.625,64,80,0
1.625,65,78,0
1.625,61,86,0
1.625,69,72,0
1.625,63,82,0
1.625,66,77,0
1.625,62,84,0
1.6277778148651123,65,78,0
1.6277778148651123,62,84,0
1.6277778148651123,69,72,0
1.6277778148651123,66,77,0
1.6277778148651123,61,86,0
1.630555510520935,66,77,0
1.630555510520935,61,86,0
1.6333333253860474,61,86,0
1.6361111402511597,67,73,0
1.6361111402511597,70,68,1
1.6361111402511597,70,50,1
1.6361111402511597,73,62,1
1.6361111402511597,63,82,0
1.6361111402511597,68,71,0
1.6361111402511597,58,91,0
1.6361111402511597,68,54,0
1.6361111402511597,62,84,0
1.6361111402511597,73,58,1
1.6361111402511597,64,62,0
1.6361111402511597,70,70,0
1.6361111402511597,72,58,1
1.6361111402511597,64,79,0
1.6361111402511597,63,72,0
1.6361111402511597,64,80,0
1.6361111402511597,72,65,1
1.6361111402511597,61,102,1
1.6361111402511597,54,97,0
1.6361111402511597,52,82,0
1.6361111402511597,65,77,0
1.6361111402511597,56,94,0
1.6361111402511597,74,72,1
1.6361111402511597,68,55,0
1.6361111402511597,68,53,0
1.6361111402511597,70,55,0
1.6361111402511597,62,87,1
1.6361111402511597,51,110,1
1.6361111402511597,69,52,0
1.6361111402511597,65,59,0
1.6361111402511597,72,59,1
1.6361111402511597,68,72,0
1.6361111402511597,73,64,1
1.6361111402511597,65,61,0
1.6361111402511597,68,52,0
1.6361111402511597,67,75,0
1.6361111402511597,64,63,0
1.6361111402511597,59,113,1
1.6361111402511597,63,87,1
1.6361111402511597,66,56,1
1.6361111402511597,54,81,1
1.6361111402511597,65,64,0
1.6361111402511597,57,77,1
1.6361111402511597,66,119,0
1.6361111402511597,72,57,1
1.6361111402511597,52,77,0
1.6361111402511597,68,73,0
1.6361111402511597,62,81,0
1.6361111402511597,63,68,0
1.6361111402511597,69,51,0
1.6361111402511597,59,75,1
1.6361111402511597,63,81,0
1.6361111402511597,62,69,0
1.6361111402511597,58,90,0
1.6361111402511597,61,84,0
1.6361111402511597,61,117,1
1.6361111402511597,64,77,0
1.6361111402511597,69,49,0
1.6361111402511597,69,70,0
1.6361111402511597,63,91,1
1.6361111402511597,58,76,1
1.6361111402511597,63,79,0
1.6361111402511597,71,54,0
1.6361111402511597,57,93,0
1.6361111402511597,66,81,0
1.6361111402511597,48,113,1
1.6361111402511597,59,90,0
1.6361111402511597,72,48,1
1.6361111402511597,65,60,0
1.6361111402511597,70,79,1
1.6361111402511597,63,127,0
1.6361111402511597,57,78,1
1.6361111402511597,57,94,0
1.6361111402511597,64,124,0
1.6361111402511597,70,51,1
1.6361111402511597,68,56,1
1.6361111402511597,71,53,0
1.6361111402511597,61,86,0
1.6361111402511597,63,89,1
1.6361111402511597,58,95,1
1.6361111402511597,67,57,1
1.6361111402511597,62,107,1
1.6361111402511597,71,62,1
1.6361111402511597,52,84,1
1.6361111402511597,53,99,1
1.6361111402511597,73,63,1
1.6361111402511597,61,22,0
1.6361111402511597,71,47,1
1.6361111402511597,67,74,0
1.6361111402511597,71,50,1
1.6361111402511597,71,68,1
1.6361111402511597,58,92,0
1.6361111402511597,55,96,0
1.6361111402511597,67,55,1
1.6361111402511597,65,76,0
1.6361111402511597,64,64,0
1.6361111402511597,60,86,0
1.6361111402511597,58,77,1
1.6361111402511597,66,57,1
1.6361111402511597,69,73,0
1.6361111402511597,64,66,0
1.6361111402511597,55,47,0
1.6361111402511597,72,66,1
1.6361111402511597,65,58,0
1.6361111402511597,69,79,1
1.6361111402511597,63,90,1
1.6361111402511597,64,65,0
1.6361111402511597,69,71,0
1.6361111402511597,62,82,0
1.6361111402511597,70,48,0
1.6361111402511597,66,76,0
1.6361111402511597,71,67,1
1.6361111402511597,71,51,1
1.6361111402511597,72,64,1
1.6361111402511597,60,88,0
1.6361111402511597,65,78,0
1.6361111402511597,65,63,0
1.6361111402511597,69,53,0
1.6361111402511597,63,80,0
1.6361111402511597,66,75,0
1.6361111402511597,70,47,0
1.6361111402511597,71,46,0
1.6361111402511597,71,48,1
1.6361111402511597,55,81,1
1.6361111402511597,70,69,0
1.6361111402511597,62,83,0
1.6361111402511597,70,53,1
1.6361111402511597,55,97,0
1.6361111402511597,57,92,0
1.6361111402511597,71,66,1
1.6361111402511597,51,111,1
1.6361111402511597,61,85,0
1.6361111402511597,59,105,1
1.6361111402511597,72,55,1
1.6361111402511597,69,50,0
1.6361111402511597,56,78,1
1.6361111402511597,53,82,1
1.6361111402511597,64,78,0
1.6361111402511597,54,83,1
1.6361111402511597,53,83,1
1.6361111402511597,56,95,0
1.6361111402511597,72,56,1
1.6361111402511597,66,55,1
1.6361111402511597,69,48,0
1.6361111402511597,71,49,1
1.6361111402511597,67,72,0
1.6361111402511597,59,76,1
1.6361111402511597,59,89,0
1.6361111402511597,70,46,0
1.6361111402511597,70,52,1
1.6361111402511597,60,87,0
1.6361111402511597,56,79,1
1.6361111402511597,59,88,0
1.6361111402511597,55,79,1
1.6361111402511597,64,116,1
1.6361111402511597,69,96,1
1.6361111402511597,63,67,0
1.6361111402511597,55,80,1
1.6361111402511597,57,75,1
1.638888955116272,60,88,0
1.638888955116272,64,80,0
1.638888955116272,56,95,0
1.638888955116272,57,77,1
1.638888955116272,69,50,0
1.638888955116272,61,84,0
1.638888955116272,71,50,1
1.638888955116272,66,55,1
1.638888955116272,70,70,0
1.638888955116272,63,80,0
1.638888955116272,64,79,0
1.638888955116272,56,79,1
1.638888955116272,70,48,0
1.638888955116272,72,56,1
1.638888955116272,58,76,1
1.638888955116272,67,73,0
1.638888955116272,72,65,1
1.638888955116272,72,66,1
1.638888955116272,69,49,0
1.638888955116272,69,52,0
1.638888955116272,56,78,1
1.638888955116272,57,78,1
1.638888955116272,64,78,0
1.638888955116272,63,81,0
1.638888955116272,66,75,0
1.638888955116272,60,86,0
1.638888955116272,62,69,0
1.638888955116272,68,54,0
1.638888955116272,70,52,1
1.638888955116272,65,76,0
1.638888955116272,55,96,0
1.638888955116272,57,93,0
1.638888955116272,71,66,1
1.638888955116272,69,70,0
1.638888955116272,68,53,0
1.638888955116272,68,72,0
1.638888955116272,55,80,1
1.638888955116272,71,67,1
1.638888955116272,59,90,0
1.638888955116272,67,55,1
1.638888955116272,61,85,0
1.638888955116272,70,46,0
1.638888955116272,69,51,0
1.638888955116272,58,91,0
1.638888955116272,60,87,0
1.638888955116272,69,71,0
1.638888955116272,59,75,1
1.638888955116272,58,92,0
1.638888955116272,70,47,0
1.638888955116272,68,71,0
1.638888955116272,59,89,0
1.638888955116272,71,54,0
1.638888955116272,72,64,1
1.638888955116272,62,82,0
1.638888955116272,67,74,0
1.638888955116272,65,77,0
1.638888955116272,71,48,1
1.638888955116272,67,72,0
1.638888955116272,72,58,1
1.638888955116272,69,48,0
1.638888955116272,62,83,0
1.638888955116272,66,56,1
1.638888955116272,71,49,1
1.638888955116272,53,82,1
1.638888955116272,73,62,1
1.638888955116272,54,81,1
1.638888955116272,66,76,0
1.6416666507720947,55,96,0
1.6416666507720947,69,49,0
1.6416666507720947,56,78,1
1.6416666507720947,70,48,0
1.6416666507720947,62,83,0
1.6416666507720947,70,47,0
1.6416666507720947,68,54,0
1.6416666507720947,64,80,0
1.6416666507720947,53,82,1
1.6416666507720947,55,80,1
1.6416666507720947,68,72,0
1.6416666507720947,63,80,0
1.6416666507720947,69,50,0
1.6416666507720947,66,56,1
1.6416666507720947,66,76,0
1.6416666507720947,66,75,0
1.6416666507720947,59,90,0
1.6416666507720947,54,81,1
1.6416666507720947,59,89,0
1.6416666507720947,71,48,1
1.6416666507720947,66,55,1
1.6416666507720947,69,71,0
1.6416666507720947,64,78,0
1.6416666507720947,62,82,0
1.6416666507720947,63,81,0
1.6416666507720947,64,79,0
1.6416666507720947,61,85,0
1.6416666507720947,60,87,0
1.6416666507720947,58,76,1
1.6416666507720947,57,77,1
1.6416666507720947,67,74,0
1.6416666507720947,65,77,0
1.6416666507720947,69,51,0
1.6416666507720947,69,70,0
1.6416666507720947,65,76,0
1.6416666507720947,56,79,1
1.6416666507720947,68,71,0
1.6416666507720947,67,73,0
1.644444465637207,70,47,0
1.644444465637207,66,76,0
1.644444465637207,56,78,1
1.644444465637207,62,83,0
1.644444465637207,63,81,0
1.644444465637207,67,73,0
1.644444465637207,59,90,0
1.644444465637207,64,79,0
1.644444465637207,68,72,0
1.644444465637207,66,75,0
1.644444465637207,61,85,0
1.644444465637207,58,76,1
1.644444465637207,60,87,0
1.644444465637207,56,79,1
1.644444465637207,62,82,0
1.644444465637207,66,56,1
1.644444465637207,67,74,0
1.644444465637207,57,77,1
1.644444465637207,54,81,1
1.644444465637207,69,50,0
1.644444465637207,55,80,1
1.644444465637207,69,70,0
1.644444465637207,65,77,0
1.644444465637207,66,55,1
1.644444465637207,63,80,0
1.644444465637207,68,71,0
1.644444465637207,64,78,0
1.644444465637207,69,71,0
1.6472222805023191,68,72,0
1.6472222805023191,63,81,0
1.6472222805023191,64,79,0
1.6472222805023191,60,87,0
1.6472222805023191,57,77,1
1.6472222805023191,62,83,0
1.6472222805023191,66,76,0
1.6472222805023191,64,78,0
1.6472222805023191,69,70,0
1.6472222805023191,67,73,0
1.6472222805023191,58,76,1
1.6472222805023191,56,78,1
1.6472222805023191,65,77,0
1.6472222805023191,69,71,0
1.6472222805023191,67,74,0
1.6472222805023191,66,75,0
1.6472222805023191,68,71,0
1.6472222805023191,61,85,0
1.649999976158142,62,83,0
1.649999976158142,61,85,0
1.649999976158142,67,73,0
1.649999976158142,57,77,1
1.649999976158142,65,77,0
1.649999976158142,69,70,0
1.649999976158142,63,81,0
1.649999976158142,69,71,0
1.649999976158142,66,76,0
1.649999976158142,68,72,0
1.649999976158142,56,78,1
1.649999976158142,67,74,0
1.649999976158142,64,79,0
1.6527777910232544,65,77,0
1.6527777910232544,67,74,0
1.6527777910232544,66,76,0
1.6527777910232544,69,71,0
1.6527777910232544,62,83,0
1.6527777910232544,67,73,0
1.6527777910232544,61,85,0
1.6527777910232544,64,79,0
1.6527777910232544,68,72,0
1.6527777910232544,63,81,0
1.6527777910232544,57,77,1
1.6555554866790771,68,72,0
1.6555554866790771,65,77,0
1.6555554866790771,66,76,0
1.6555554866790771,61,85,0
1.6555554866790771,67,73,0
1.6555554866790771,57,77,1
1.6555554866790771,64,79,0
1.6555554866790771,69,71,0
1.6555554866790771,63,81,0
1.6555554866790771,62,83,0
1.6583333015441897,66,76,0
1.6583333015441897,64,79,0
1.6583333015441897,63,81,0
1.6583333015441897,69,71,0
1.6583333015441897,61,85,0
1.6583333015441897,62,83,0
1.6583333015441897,65,77,0
1.6611111164093018,62,83,0
1.6611111164093018,65,77,0
1.6611111164093018,61,85,0
1.6611111164093018,64,79,0
1.6638888120651243,62,83,0
1.6638888120651243,65,77,0
1.6638888120651243,61,85,0
1.6666666269302368,65,77,0
1.6699999570846558,66,74,0
1.6699999570846558,64,77,0
1.6699999570846558,71,54,1
1.6699999570846558,52,53,1
1.6699999570846558,59,88,0
1.6699999570846558,57,78,1
1.6699999570846558,58,91,0
1.6699999570846558,70,51,1
1.6699999570846558,56,79,1
1.6699999570846558,50,65,0
1.6699999570846558,56,21,1
1.6699999570846558,64,78,0
1.6699999570846558,66,55,1
1.6699999570846558,68,48,0
1.6699999570846558,54,43,1
1.6699999570846558,66,75,0
1.6699999570846558,64,60,0
1.6699999570846558,61,83,0
1.6699999570846558,58,77,1
1.6699999570846558,56,98,1
1.6699999570846558,58,76,1
1.6699999570846558,63,80,0
1.6699999570846558,70,50,1
1.6699999570846558,69,68,0
1.6699999570846558,69,49,0
1.6699999570846558,55,112,0
1.6699999570846558,67,72,0
1.6699999570846558,69,54,0
1.6699999570846558,70,69,0
1.6699999570846558,55,95,0
1.6699999570846558,71,66,1
1.6699999570846558,71,64,1
1.6699999570846558,58,90,0
1.6699999570846558,72,57,1
1.6699999570846558,68,51,0
1.6699999570846558,72,61,1
1.6699999570846558,60,87,0
1.6699999570846558,69,46,0
1.6699999570846558,55,96,0
1.6699999570846558,68,111,0
1.6699999570846558,70,47,1
1.6699999570846558,55,80,1
1.6699999570846558,64,61,0
1.6699999570846558,56,78,1
1.6699999570846558,63,78,0
1.6699999570846558,71,49,1
1.6699999570846558,62,67,0
1.6699999570846558,70,78,1
1.6699999570846558,72,55,1
1.6699999570846558,57,76,1
1.6699999570846558,71,48,1
1.6699999570846558,56,94,0
1.6699999570846558,64,68,0
1.6699999570846558,54,21,1
1.6699999570846558,70,45,0
1.6699999570846558,64,59,0
1.6699999570846558,69,74,1
1.6699999570846558,65,62,0
1.6699999570846558,57,77,1
1.6699999570846558,66,54,1
1.6699999570846558,54,82,1
1.6699999570846558,62,81,0
1.6699999570846558,71,65,1
1.6699999570846558,64,63,0
1.6699999570846558,67,71,0
1.6699999570846558,51,123,0
1.6699999570846558,60,86,0
1.6699999570846558,49,107,1
1.6699999570846558,66,73,0
1.6699999570846558,73,62,1
1.6699999570846558,72,58,1
1.6699999570846558,69,70,0
1.6699999570846558,68,71,0
1.6699999570846558,67,55,1
1.6699999570846558,72,62,1
1.6699999570846558,70,66,1
1.6699999570846558,68,70,0
1.6699999570846558,63,65,0
1.6699999570846558,62,68,0
1.6699999570846558,69,72,0
1.6699999570846558,69,48,0
1.6699999570846558,68,50,0
1.6699999570846558,68,52,0
1.6699999570846558,64,76,0
1.6699999570846558,69,47,0
1.6699999570846558,61,84,0
1.6699999570846558,68,49,0
1.6699999570846558,60,85,0
1.6699999570846558,71,47,1
1.6699999570846558,72,63,1
1.6699999570846558,63,79,0
1.6699999570846558,65,75,0
1.6699999570846558,70,86,0
1.6699999570846558,68,53,0
1.6699999570846558,73,61,1
1.6699999570846558,54,80,1
1.6699999570846558,73,60,1
1.6699999570846558,55,49,0
1.6699999570846558,67,75,1
1.6699999570846558,67,54,0
1.6699999570846558,59,89,0
1.6699999570846558,63,67,0
1.6699999570846558,56,95,0
1.6699999570846558,64,75,1
1.6699999570846558,67,73,0
1.6699999570846558,62,83,0
1.6699999570846558,68,75,1
1.6699999570846558,70,68,0
1.6699999570846558,64,64,0
1.6699999570846558,64,62,0
1.6699999570846558,54,97,0
1.6699999570846558,70,48,1
1.6699999570846558,70,59,1
1.6699999570846558,51,99,0
1.6699999570846558,59,74,1
1.6699999570846558,70,49,1
1.6699999570846558,55,99,1
1.6699999570846558,67,53,0
1.6699999570846558,72,64,1
1.6699999570846558,65,56,0
1.6699999570846558,70,53,0
1.6699999570846558,69,69,0
1.6699999570846558,65,57,0
1.6699999570846558,62,80,0
1.6699999570846558,57,93,0
1.6699999570846558,69,52,1
1.6699999570846558,62,82,0
1.6699999570846558,69,81,0
1.6699999570846558,65,76,0
1.6699999570846558,57,92,0
1.6699999570846558,62,94,1
1.6699999570846558,63,66,0
1.6699999570846558,58,75,1
1.6699999570846558,73,63,1
1.6699999570846558,72,56,1
1.6699999570846558,71,55,1
1.6699999570846558,53,81,1
1.6699999570846558,61,85,0
1.6699999570846558,56,77,1
1.6699999570846558,53,82,1
1.6699999570846558,57,118,1
1.6699999570846558,62,87,1
1.6699999570846558,54,81,1
1.6699999570846558,55,79,1
1.6733332872390747,67,54,0
1.6733332872390747,54,80,1
1.6733332872390747,61,83,0
1.6733332872390747,63,79,0
1.6733332872390747,58,91,0
1.6733332872390747,70,48,1
1.6733332872390747,60,86,0
1.6733332872390747,64,77,0
1.6733332872390747,63,66,0
1.6733332872390747,67,73,0
1.6733332872390747,54,81,1
1.6733332872390747,62,82,0
1.6733332872390747,57,93,0
1.6733332872390747,69,47,0
1.6733332872390747,72,63,1
1.6733332872390747,53,82,1
1.6733332872390747,66,73,0
1.6733332872390747,71,47,1
1.6733332872390747,70,49,1
1.6733332872390747,69,48,0
1.6733332872390747,55,96,0
1.6733332872390747,65,76,0
1.6733332872390747,67,53,0
1.6733332872390747,68,70,0
1.6733332872390747,69,69,0
1.6733332872390747,71,48,1
1.6733332872390747,70,51,1
1.6733332872390747,66,75,0
1.6733332872390747,71,65,1
1.6733332872390747,66,55,1
1.6733332872390747,60,87,0
1.6733332872390747,66,54,1
1.6733332872390747,66,74,0
1.6733332872390747,55,79,1
1.6733332872390747,70,53,0
1.6733332872390747,67,72,0
1.6733332872390747,56,95,0
1.6733332872390747,55,80,1
1.6733332872390747,65,75,0
1.6733332872390747,53,81,1
1.6733332872390747,69,46,0
1.6733332872390747,68,53,0
1.6733332872390747,68,49,0
1.6733332872390747,68,71,0
1.6733332872390747,56,78,1
1.6733332872390747,69,70,0
1.6733332872390747,72,57,1
1.6733332872390747,54,97,0
1.6733332872390747,67,71,0
1.6733332872390747,64,78,0
1.6733332872390747,57,76,1
1.6733332872390747,71,66,1
1.6733332872390747,62,68,0
1.6733332872390747,68,50,0
1.6733332872390747,62,81,0
1.6733332872390747,70,47,1
1.6733332872390747,72,58,1
1.6733332872390747,64,61,0
1.6733332872390747,68,51,0
1.6733332872390747,61,84,0
1.6733332872390747,68,52,0
1.6733332872390747,57,77,1
1.6733332872390747,59,89,0
1.6733332872390747,63,80,0
1.6733332872390747,58,76,1
1.6733332872390747,61,85,0
1.6733332872390747,70,50,1
1.6766666173934937,70,51,1
1.6766666173934937,68,70,0
1.6766666173934937,71,65,1
1.6766666173934937,63,80,0
1.6766666173934937,57,77,1
1.6766666173934937,57,76,1
1.6766666173934937,61,83,0
1.6766666173934937,69,70,0
1.6766666173934937,54,80,1
1.6766666173934937,68,71,0
1.6766666173934937,61,84,0
1.6766666173934937,54,97,0
1.6766666173934937,69,46,0
1.6766666173934937,58,91,0
1.6766666173934937,53,82,1
1.6766666173934937,59,89,0
1.6766666173934937,66,75,0
1.6766666173934937,55,79,1
1.6766666173934937,56,78,1
1.6766666173934937,66,74,0
1.6766666173934937,69,47,0
1.6766666173934937,60,87,0
1.6766666173934937,67,72,0
1.6766666173934937,64,78,0
1.6766666173934937,70,48,1
1.6766666173934937,62,82,0
1.6766666173934937,67,71,0
1.6766666173934937,57,93,0
1.6766666173934937,61,85,0
1.6766666173934937,60,86,0
1.6766666173934937,68,50,0
1.6766666173934937,68,51,0
1.6766666173934937,63,79,0
1.6766666173934937,69,69,0
1.6766666173934937,65,76,0
1.6766666173934937,64,77,0
1.6799999475479126,56,78,1
1.6799999475479126,55,79,1
1.6799999475479126,61,84,0
1.6799999475479126,69,70,0
1.6799999475479126,63,80,0
1.6799999475479126,57,76,1
1.6799999475479126,57,77,1
1.6799999475479126,63,79,0
1.6799999475479126,58,91,0
1.6799999475479126,69,46,0
1.6799999475479126,66,75,0
1.6799999475479126,60,87,0
1.6799999475479126,66,74,0
1.6799999475479126,68,71,0
1.6799999475479126,69,69,0
1.6799999475479126,64,78,0
1.6799999475479126,59,89,0
1.6799999475479126,68,70,0
1.6799999475479126,57,93,0
1.6799999475479126,64,77,0
1.6799999475479126,68,51,0
1.6799999475479126,67,72,0
1.6799999475479126,65,76,0
1.6799999475479126,62,82,0
1.6833332777023315,63,80,0
1.6833332777023315,62,82,0
1.6833332777023315,66,74,0
1.6833332777023315,64,77,0
1.6833332777023315,59,89,0
1.6833332777023315,64,78,0
1.6833332777023315,58,91,0
1.6833332777023315,67,72,0
1.6833332777023315,57,93,0
1.6833332777023315,66,75,0
1.6833332777023315,68,71,0
1.6833332777023315,56,78,1
1.6833332777023315,57,76,1
1.6833332777023315,69,69,0
1.6833332777023315,69,70,0
1.6833332777023315,68,70,0
1.6833332777023315,55,79,1
1.6833332777023315,65,76,0
1.6833332777023315,60,87,0
1.6833332777023315,61,84,0
1.6833332777023315,63,79,0
1.68666672706604,68,71,0
1.68666672706604,65,76,0
1.68666672706604,66,74,0
1.68666672706604,69,69,0
1.68666672706604,69,70,0
1.68666672706604,58,91,0
1.68666672706604,56,78,1
1.68666672706604,67,72,0
1.68666672706604,61,84,0
1.68666672706604,55,79,1
1.68666672706604,64,78,0
1.68666672706604,63,80,0
1.68666672706604,62,82,0
1.68666672706604,66,75,0
1.68666672706604,59,89,0
1.68666672706604,68,70,0
1.68666672706604,60,87,0
1.68666672706604,64,77,0
1.690000057220459,69,69,0
1.690000057220459,61,84,0
1.690000057220459,65,76,0
1.690000057220459,63,80,0
1.690000057220459,68,70,0
1.690000057220459,66,74,0
1.690000057220459,62,82,0
1.690000057220459,59,89,0
1.690000057220459,60,87,0
1.690000057220459,68,71,0
1.690000057220459,64,78,0
1.690000057220459,67,72,0
1.693333387374878,62,82,0
1.693333387374878,61,84,0
1.693333387374878,67,72,0
1.693333387374878,64,78,0
1.693333387374878,59,89,0
1.693333387374878,65,76,0
1.693333387374878,66,74,0
1.693333387374878,68,71,0
1.693333387374878,69,69,0
1.693333387374878,63,80,0
1.6966667175292969,64,78,0
1.6966667175292969,69,69,0
1.6966667175292969,63,80,0
1.6966667175292969,62,82,0
1.7000000476837158,64,78,0
1.7000000476837158,63,80,0
1.702777862548828,57,77,1
1.702777862548828,64,56,0
1.702777862548828,52,123,0
1.702777862548828,61,31,1
1.702777862548828,70,80,1
1.702777862548828,63,79,0
1.702777862548828,69,49,1
1.702777862548828,60,85,0
1.702777862548828,65,51,1
1.702777862548828,61,68,0
1.702777862548828,58,76,1
1.702777862548828,68,49,0
1.702777862548828,68,48,0
1.702777862548828,53,126,0
1.702777862548828,68,69,0
1.702777862548828,69,44,0
1.702777862548828,57,93,0
1.702777862548828,65,75,0
1.702777862548828,63,61,0
1.702777862548828,61,83,0
1.702777862548828,70,52,0
1.702777862548828,62,66,0
1.702777862548828,70,45,1
1.702777862548828,56,79,1
1.702777862548828,62,71,0
1.702777862548828,54,80,1
1.702777862548828,70,48,1
1.702777862548828,66,73,0
1.702777862548828,69,50,1
1.702777862548828,65,76,0
1.702777862548828,65,55,0
1.702777862548828,67,51,0
1.702777862548828,68,71,0
1.702777862548828,72,57,1
1.702777862548828,69,67,0
1.702777862548828,67,71,0
1.702777862548828,72,61,1
1.702777862548828,55,127,1
1.702777862548828,61,82,0
1.702777862548828,68,47,0
1.702777862548828,67,53,0
1.702777862548828,62,82,0
1.702777862548828,60,84,0
1.702777862548828,65,79,0
1.702777862548828,62,80,0
1.702777862548828,63,63,0
1.702777862548828,67,50,0
1.702777862548828,57,24,0
1.702777862548828,55,78,1
1.702777862548828,54,81,1
1.702777862548828,66,74,0
1.702777862548828,67,69,0
1.702777862548828,65,56,0
1.702777862548828,65,60,0
1.702777862548828,69,68,0
1.702777862548828,60,87,0
1.702777862548828,70,65,1
1.702777862548828,67,70,0
1.702777862548828,59,89,0
1.702777862548828,56,94,0
1.702777862548828,70,49,1
1.702777862548828,63,78,0
1.702777862548828,53,82,1
1.702777862548828,66,54,1
1.702777862548828,57,76,1
1.702777862548828,65,122,0
1.702777862548828,58,125,1
1.702777862548828,66,71,0
1.702777862548828,71,64,1
1.702777862548828,66,72,0
1.702777862548828,56,126,0
1.702777862548828,65,59,0
1.702777862548828,66,114,1
1.702777862548828,63,65,0
1.702777862548828,62,67,0
1.702777862548828,64,59,0
1.702777862548828,53,125,1
1.702777862548828,64,77,0
1.702777862548828,69,70,0
1.702777862548828,53,97,1
1.702777862548828,69,69,0
1.702777862548828,68,45,0
1.702777862548828,59,87,0
1.702777862548828,55,80,1
1.702777862548828,72,62,1
1.702777862548828,70,46,1
1.702777862548828,61,84,0
1.702777862548828,52,80,0
1.702777862548828,55,96,0
1.702777862548828,70,81,1
1.702777862548828,60,86,0
1.702777862548828,71,55,1
1.702777862548828,60,22,0
1.702777862548828,63,80,0
1.702777862548828,67,72,0
1.702777862548828,64,72,0
1.702777862548828,69,48,1
1.702777862548828,71,62,1
1.702777862548828,57,92,0
1.702777862548828,58,91,0
1.702777862548828,67,94,1
1.702777862548828,71,63,1
1.702777862548828,61,33,1
1.702777862548828,72,59,1
1.702777862548828,64,57,0
1.702777862548828,64,60,0
1.702777862548828,66,53,0
1.702777862548828,59,88,0
1.702777862548828,65,74,0
1.702777862548828,64,75,0
1.702777862548828,58,90,0
1.702777862548828,63,64,0
1.702777862548828,68,68,0
1.702777862548828,71,56,1
1.702777862548828,62,81,0
1.702777862548828,69,45,0
1.702777862548828,72,60,1
1.702777862548828,68,46,0
1.702777862548828,71,54,1
1.702777862548828,63,77,0
1.702777862548828,64,62,0
1.702777862548828,63,62,0
1.702777862548828,71,57,1
1.702777862548828,70,47,1
1.702777862548828,63,81,0
1.702777862548828,56,78,1
1.702777862548828,64,58,0
1.702777862548828,49,124,0
1.702777862548828,55,79,1
1.702777862548828,52,77,0
1.702777862548828,65,81,0
1.702777862548828,71,61,1
1.702777862548828,69,52,0
1.702777862548828,56,77,1
1.702777862548828,69,51,1
1.702777862548828,67,52,0
1.702777862548828,64,76,0
1.702777862548828,71,53,1
1.702777862548828,70,72,1
1.702777862548828,67,49,0
1.702777862548828,68,70,0
1.702777862548828,58,75,1
1.702777862548828,53,81,1
1.7055556774139404,60,85,0
1.7055556774139404,67,70,0
1.7055556774139404,69,45,0
1.7055556774139404,62,82,0
1.7055556774139404,58,90,0
1.7055556774139404,67,52,0
1.7055556774139404,59,87,0
1.7055556774139404,55,79,1
1.7055556774139404,63,78,0
1.7055556774139404,53,81,1
1.7055556774139404,63,64,0
1.7055556774139404,64,57,0
1.7055556774139404,68,45,0
1.7055556774139404,65,75,0
1.7055556774139404,69,68,0
1.7055556774139404,59,88,0
1.7055556774139404,61,83,0
1.7055556774139404,69,49,1
1.7055556774139404,71,56,1
1.7055556774139404,57,93,0
1.7055556774139404,66,74,0
1.7055556774139404,55,96,0
1.7055556774139404,68,49,0
1.7055556774139404,55,78,1
1.7055556774139404,56,78,1
1.7055556774139404,64,58,0
1.7055556774139404,59,89,0
1.7055556774139404,68,46,0
1.7055556774139404,68,69,0
1.7055556774139404,69,67,0
1.7055556774139404,57,77,1
1.7055556774139404,67,72,0
1.7055556774139404,64,76,0
1.7055556774139404,71,64,1
1.7055556774139404,54,80,1
1.7055556774139404,71,54,1
1.7055556774139404,72,62,1
1.7055556774139404,69,69,0
1.7055556774139404,67,50,0
1.7055556774139404,60,86,0
1.7055556774139404,57,76,1
1.7055556774139404,68,48,0
1.7055556774139404,69,51,1
1.7055556774139404,70,65,1
1.7055556774139404,65,55,0
1.7055556774139404,68,70,0
1.7055556774139404,56,77,1
1.7055556774139404,66,73,0
1.7055556774139404,70,72,1
1.7055556774139404,58,91,0
1.7055556774139404,67,51,0
1.7055556774139404,62,81,0
1.7055556774139404,64,77,0
1.7055556774139404,53,82,1
1.7055556774139404,66,72,0
1.7055556774139404,67,71,0
1.7055556774139404,62,80,0
1.7055556774139404,61,82,0
1.7055556774139404,70,47,1
1.7055556774139404,61,84,0
1.7055556774139404,69,48,1
1.7055556774139404,68,47,0
1.7055556774139404,71,63,1
1.7055556774139404,65,74,0
1.7055556774139404,63,79,0
1.7055556774139404,54,81,1
1.7055556774139404,69,50,1
1.7083333730697632,68,48,0
1.7083333730697632,65,74,0
1.7083333730697632,61,84,0
1.7083333730697632,67,52,0
1.7083333730697632,66,74,0
1.7083333730697632,56,77,1
1.7083333730697632,69,68,0
1.7083333730697632,60,85,0
1.7083333730697632,54,80,1
1.7083333730697632,59,88,0
1.7083333730697632,66,72,0
1.7083333730697632,62,81,0
1.7083333730697632,64,77,0
1.7083333730697632,69,45,0
1.7083333730697632,63,79,0
1.7083333730697632,61,83,0
1.7083333730697632,68,49,0
1.7083333730697632,68,70,0
1.7083333730697632,69,51,1
1.7083333730697632,67,71,0
1.7083333730697632,53,81,1
1.7083333730697632,64,76,0
1.7083333730697632,67,70,0
1.7083333730697632,59,89,0
1.7083333730697632,58,91,0
1.7083333730697632,63,78,0
1.7083333730697632,69,50,1
1.7083333730697632,60,86,0
1.7083333730697632,68,47,0
1.7083333730697632,55,79,1
1.7083333730697632,68,69,0
1.7083333730697632,68,46,0
1.7083333730697632,69,69,0
1.7083333730697632,56,78,1
1.7083333730697632,57,76,1
1.7083333730697632,62,82,0
1.7083333730697632,65,75,0
1.7083333730697632,66,73,0
1.7111111879348757,64,76,0
1.7111111879348757,61,83,0
1.7111111879348757,58,91,0
1.7111111879348757,62,81,0
1.7111111879348757,65,75,0
1.7111111879348757,66,72,0
1.7111111879348757,66,73,0
1.7111111879348757,53,81,1
1.7111111879348757,61,84,0
1.7111111879348757,68,47,0
1.7111111879348757,67,71,0
1.7111111879348757,63,79,0
1.7111111879348757,69,68,0
1.7111111879348757,64,77,0
1.7111111879348757,56,77,1
1.7111111879348757,69,45,0
1.7111111879348757,54,80,1
1.7111111879348757,60,86,0
1.7111111879348757,67,70,0
1.7111111879348757,57,76,1
1.7111111879348757,68,70,0
1.7111111879348757,68,69,0
1.7111111879348757,66,74,0
1.7138890027999878,67,70,0
1.7138890027999878,61,83,0
1.7138890027999878,61,84,0
1.7138890027999878,53,81,1
1.7138890027999878,56,77,1
1.7138890027999878,57,76,1
1.7138890027999878,67,71,0
1.7138890027999878,60,86,0
1.7138890027999878,54,80,1
1.7138890027999878,62,81,0
1.7138890027999878,66,73,0
1.7138890027999878,69,68,0
1.7138890027999878,63,79,0
1.7138890027999878,68,69,0
1.7138890027999878,66,74,0
1.7138890027999878,65,75,0
1.7138890027999878,64,76,0
1.7138890027999878,64,77,0
1.7166666984558103,56,77,1
1.7166666984558103,60,86,0
1.7166666984558103,63,79,0
1.7166666984558103,68,69,0
1.7166666984558103,67,71,0
1.7166666984558103,66,73,0
1.7166666984558103,62,81,0
1.7166666984558103,54,80,1
1.7166666984558103,69,68,0
1.7166666984558103,64,77,0
1.7166666984558103,65,75,0
1.7166666984558103,57,76,1
1.7166666984558103,53,81,1
1.7194445133209229,64,77,0
1.7194445133209229,62,81,0
1.7194445133209229,65,75,0
1.7194445133209229,56,77,1
1.7194445133209229,69,68,0
1.7194445133209229,60,86,0
1.7194445133209229,63,79,0
1.7194445133209229,68,69,0
1.7194445133209229,67,71,0
1.7194445133209229,66,73,0
1.7222222089767456,64,77,0
1.7222222089767456,63,79,0
1.7222222089767456,60,86,0
1.7222222089767456,69,68,0
1.7222222089767456,62,81,0
1.7222222089767456,68,69,0
1.7222222089767456,66,73,0
1.725000023841858,68,69,0
1.725000023841858,69,68,0
1.725000023841858,63,79,0
1.725000023841858,64,77,0
1.725000023841858,60,86,0
1.7277778387069702,63,79,0
1.7277778387069702,64,77,0
1.730555534362793,64,77,0
1.7333333492279053,64,77,0
1.736363649368286,64,63,0
1.736363649368286,58,113,1
1.736363649368286,57,35,0
1.736363649368286,58,91,0
1.736363649368286,64,61,0
1.736363649368286,69,68,0
1.736363649368286,56,76,1
1.736363649368286,60,86,0
1.736363649368286,59,116,1
1.736363649368286,67,68,0
1.736363649368286,64,57,0
1.736363649368286,53,32,1
1.736363649368286,62,70,0
1.736363649368286,56,34,1
1.736363649368286,73,70,1
1.736363649368286,51,70,1
1.736363649368286,65,58,0
1.736363649368286,67,47,0
1.736363649368286,68,49,1
1.736363649368286,71,55,1
1.736363649368286,57,93,0
1.736363649368286,63,65,0
1.736363649368286,69,47,1
1.736363649368286,64,56,0
1.736363649368286,62,80,0
1.736363649368286,61,81,0
1.736363649368286,54,79,1
1.736363649368286,62,90,1
1.736363649368286,63,76,0
1.736363649368286,70,83,0
1.736363649368286,70,79,1
1.736363649368286,54,68,0
1.736363649368286,57,101,0
1.736363649368286,63,57,0
1.736363649368286,67,45,0
1.736363649368286,63,61,0
1.736363649368286,54,97,0
1.736363649368286,68,97,0
1.736363649368286,68,68,0
1.736363649368286,62,79,0
1.736363649368286,68,80,1
1.736363649368286,66,71,0
1.736363649368286,47,122,0
1.736363649368286,70,52,1
1.736363649368286,60,88,0
1.736363649368286,60,85,0
1.736363649368286,63,63,0
1.736363649368286,72,60,1
1.736363649368286,56,94,0
1.736363649368286,67,95,1
1.736363649368286,63,35,0
1.736363649368286,61,67,0
1.736363649368286,67,51,0
1.736363649368286,71,62,1
1.736363649368286,65,54,0
1.736363649368286,54,44,0
1.736363649368286,69,66,0
1.736363649368286,65,52,1
1.736363649368286,55,18,1
1.736363649368286,55,118,1
1.736363649368286,55,51,0
1.736363649368286,65,57,0
1.736363649368286,68,70,0
1.736363649368286,72,58,1
1.736363649368286,65,74,0
1.736363649368286,61,82,0
1.736363649368286,59,88,0
1.736363649368286,61,69,0
1.736363649368286,62,64,0
1.736363649368286,72,120,1
1.736363649368286,66,72,0
1.736363649368286,59,86,0
1.736363649368286,53,81,1
1.736363649368286,58,75,1
1.736363649368286,69,49,1
1.736363649368286,58,16,1
1.736363649368286,57,76,1
1.736363649368286,68,44,0
1.736363649368286,65,75,0
1.736363649368286,61,83,0
1.736363649368286,56,17,1
1.736363649368286,66,70,0
1.736363649368286,71,56,1
1.736363649368286,57,34,1
1.736363649368286,55,78,1
1.736363649368286,67,109,1
1.736363649368286,61,84,0
1.736363649368286,65,53,0
1.736363649368286,60,84,0
1.736363649368286,62,81,0
1.736363649368286,68,46,0
1.736363649368286,68,45,0
1.736363649368286,64,55,0
1.736363649368286,69,48,1
1.736363649368286,63,60,0
1.736363649368286,67,69,0
1.736363649368286,58,90,0
1.736363649368286,67,70,0
1.736363649368286,56,78,1
1.736363649368286,57,75,1
1.736363649368286,56,93,0
1.736363649368286,59,89,0
1.736363649368286,68,48,1
1.736363649368286,62,78,0
1.736363649368286,65,73,0
1.736363649368286,64,54,0
1.736363649368286,63,109,0
1.736363649368286,69,45,1
1.736363649368286,69,67,0
1.736363649368286,69,51,0
1.736363649368286,63,79,0
1.736363649368286,66,54,1
1.736363649368286,70,53,1
1.736363649368286,56,24,0
1.736363649368286,62,35,0
1.736363649368286,63,58,0
1.736363649368286,63,77,0
1.736363649368286,57,92,0
1.736363649368286,57,91,0
1.736363649368286,70,63,1
1.736363649368286,67,50,0
1.736363649368286,71,60,1
1.736363649368286,64,76,0
1.736363649368286,61,85,0
1.736363649368286,62,65,0
1.736363649368286,63,62,0
1.736363649368286,69,46,1
1.736363649368286,67,48,0
1.736363649368286,66,73,0
1.736363649368286,72,59,1
1.736363649368286,68,50,1
1.736363649368286,55,79,1
1.736363649368286,63,66,0
1.736363649368286,63,78,0
1.736363649368286,63,33,1
1.736363649368286,70,64,1
1.736363649368286,57,21,1
1.736363649368286,63,59,0
1.736363649368286,58,89,0
1.736363649368286,54,80,1
1.736363649368286,55,95,0
1.736363649368286,62,66,0
1.736363649368286,64,75,0
1.736363649368286,66,51,0
1.736363649368286,70,77,1
1.736363649368286,67,46,0
1.736363649368286,54,23,1
1.736363649368286,68,69,0
1.736363649368286,68,67,0
1.736363649368286,68,52,0
1.736363649368286,71,61,1
1.736363649368286,56,77,1
1.736363649368286,62,86,1
1.736363649368286,66,52,0
1.736363649368286,59,87,0
1.736363649368286,67,49,0
1.736363649368286,66,109,1
1.739393949508667,55,79,1
1.739393949508667,67,69,0
1.739393949508667,60,85,0
1.739393949508667,65,54,0
1.739393949508667,66,71,0
1.739393949508667,65,74,0
1.739393949508667,66,52,0
1.739393949508667,62,80,0
1.739393949508667,60,84,0
1.739393949508667,60,86,0
1.739393949508667,62,81,0
1.739393949508667,68,68,0
1.739393949508667,61,83,0
1.739393949508667,69,47,1
1.739393949508667,69,45,1
1.739393949508667,59,87,0
1.739393949508667,66,72,0
1.739393949508667,68,67,0
1.739393949508667,67,47,0
1.739393949508667,57,75,1
1.739393949508667,58,90,0
1.739393949508667,56,77,1
1.739393949508667,62,79,0
1.739393949508667,53,81,1
1.739393949508667,69,51,0
1.739393949508667,64,75,0
1.739393949508667,63,78,0
1.739393949508667,54,80,1
1.739393949508667,63,60,0
1.739393949508667,68,44,0
1.739393949508667,55,78,1
1.739393949508667,59,88,0
1.739393949508667,64,76,0
1.739393949508667,70,53,1
1.739393949508667,68,45,0
1.739393949508667,69,67,0
1.739393949508667,69,66,0
1.739393949508667,57,76,1
1.739393949508667,67,49,0
1.739393949508667,64,55,0
1.739393949508667,61,82,0
1.739393949508667,72,59,1
1.739393949508667,65,75,0
1.739393949508667,67,48,0
1.739393949508667,67,70,0
1.739393949508667,68,69,0
1.739393949508667,57,93,0
1.739393949508667,56,94,0
1.739393949508667,69,48,1
1.739393949508667,69,46,1
1.739393949508667,57,92,0
1.739393949508667,71,56,1
1.739393949508667,63,77,0
1.739393949508667,65,73,0
1.742424249649048,65,75,0
1.742424249649048,55,78,1
1.742424249649048,69,45,1
1.742424249649048,57,75,1
1.742424249649048,63,77,0
1.742424249649048,59,88,0
1.742424249649048,65,74,0
1.742424249649048,54,80,1
1.742424249649048,67,47,0
1.742424249649048,61,83,0
1.742424249649048,66,72,0
1.742424249649048,62,81,0
1.742424249649048,67,70,0
1.742424249649048,69,47,1
1.742424249649048,61,82,0
1.742424249649048,60,85,0
1.742424249649048,68,68,0
1.742424249649048,57,76,1
1.742424249649048,67,48,0
1.742424249649048,63,78,0
1.742424249649048,64,75,0
1.742424249649048,67,69,0
1.742424249649048,69,67,0
1.742424249649048,69,51,0
1.742424249649048,62,79,0
1.742424249649048,64,76,0
1.742424249649048,66,71,0
1.742424249649048,62,80,0
1.742424249649048,67,49,0
1.742424249649048,65,73,0
1.742424249649048,69,66,0
1.742424249649048,56,77,1
1.742424249649048,68,44,0
1.7454545497894287,65,74,0
1.7454545497894287,68,68,0
1.7454545497894287,67,69,0
1.7454545497894287,60,85,0
1.7454545497894287,62,80,0
1.7454545497894287,66,72,0
1.7454545497894287,63,78,0
1.7454545497894287,66,71,0
1.7454545497894287,69,67,0
1.7454545497894287,69,66,0
1.7454545497894287,67,70,0
1.7454545497894287,55,78,1
1.7454545497894287,56,77,1
1.7454545497894287,64,75,0
1.7454545497894287,64,76,0
1.7454545497894287,68,44,0
1.7454545497894287,61,83,0
1.7454545497894287,63,77,0
1.7454545497894287,59,88,0
1.7454545497894287,69,47,1
1.7484848499298096,67,69,0
1.7484848499298096,65,74,0
1.7484848499298096,63,78,0
1.7484848499298096,64,76,0
1.7484848499298096,55,78,1
1.7484848499298096,64,75,0
1.7484848499298096,62,80,0
1.7484848499298096,59,88,0
1.7484848499298096,66,71,0
1.7484848499298096,61,83,0
1.7484848499298096,66,72,0
1.7484848499298096,68,68,0
1.7484848499298096,67,70,0
1.7484848499298096,69,67,0
1.7515151500701904,63,78,0
1.7515151500701904,64,76,0
1.7515151500701904,69,67,0
1.7515151500701904,66,71,0
1.7515151500701904,68,68,0
1.7515151500701904,59,88,0
1.7515151500701904,67,70,0
1.7515151500701904,62,80,0
1.7515151500701904,65,74,0
1.7515151500701904,55,78,1
1.7515151500701904,64,75,0
1.7515151500701904,61,83,0
1.7515151500701904,66,72,0
1.7515151500701904,67,69,0
1.7545454502105713,63,78,0
1.7545454502105713,62,80,0
1.7545454502105713,64,75,0
1.7545454502105713,65,74,0
1.7545454502105713,68,68,0
1.7545454502105713,67,69,0
1.7545454502105713,64,76,0
1.7545454502105713,66,72,0
1.7545454502105713,61,83,0
1.7545454502105713,69,67,0
1.7545454502105713,66,71,0
1.7545454502105713,67,70,0
1.757575750350952,69,67,0
1.757575750350952,66,71,0
1.757575750350952,64,76,0
1.757575750350952,65,74,0
1.757575750350952,68,68,0
1.757575750350952,66,72,0
1.757575750350952,61,83,0
1.757575750350952,67,69,0
1.757575750350952,63,78,0
1.760606050491333,61,83,0
1.760606050491333,64,76,0
1.760606050491333,63,78,0
1.760606050491333,68,68,0
1.760606050491333,69,67,0
1.763636350631714,61,83,0
1.763636350631714,68,68,0
1.7666666507720947,61,83,0
1.7666666507720947,68,68,0
1.7699999809265137,52,83,1
1.7699999809265137,62,33,1
1.7699999809265137,68,68,0
1.7699999809265137,70,53,1
1.7699999809265137,66,72,0
1.7699999809265137,68,48,1
1.7699999809265137,70,84,1
1.7699999809265137,62,64,0
1.7699999809265137,59,88,0
1.7699999809265137,69,65,0
1.7699999809265137,62,61,0
1.7699999809265137,65,72,0
1.7699999809265137,55,77,1
1.7699999809265137,58,36,0
1.7699999809265137,64,54,0
1.7699999809265137,69,50,0
1.7699999809265137,63,73,1
1.7699999809265137,56,77,1
1.7699999809265137,71,61,1
1.7699999809265137,65,52,1
1.7699999809265137,68,46,1
1.7699999809265137,50,98,0
1.7699999809265137,75,72,1
1.7699999809265137,57,22,0
1.7699999809265137,64,103,0
1.7699999809265137,71,60,1
1.7699999809265137,69,44,1
1.7699999809265137,55,79,1
1.7699999809265137,56,78,1
1.7699999809265137,62,79,0
1.7699999809265137,62,62,0
1.7699999809265137,61,18,1
1.7699999809265137,54,80,1
1.7699999809265137,51,70,1
1.7699999809265137,57,76,1
1.7699999809265137,67,46,0
1.7699999809265137,66,69,0
1.7699999809265137,60,83,0
1.7699999809265137,72,69,1
1.7699999809265137,67,43,0
1.7699999809265137,70,54,1
1.7699999809265137,69,45,1
1.7699999809265137,67,78,1
1.7699999809265137,59,126,1
1.7699999809265137,67,75,0
1.7699999809265137,63,103,0
1.7699999809265137,53,81,1
1.7699999809265137,55,19,1
1.7699999809265137,59,87,0
1.7699999809265137,63,59,0
1.7699999809265137,61,19,1
1.7699999809265137,67,67,0
1.7699999809265137,70,62,1
1.7699999809265137,62,112,1
1.7699999809265137,57,75,1
1.7699999809265137,70,60,1
1.7699999809265137,62,80,0
1.7699999809265137,63,77,0
1.7699999809265137,54,68,0
1.7699999809265137,64,75,0
1.7699999809265137,66,48,0
1.7699999809265137,61,80,0
1.7699999809265137,66,71,0
1.7699999809265137,56,93,0
1.7699999809265137,67,72,1
1.7699999809265137,60,87,0
1.7699999809265137,53,82,1
1.7699999809265137,65,105,0
1.7699999809265137,56,74,0
1.7699999809265137,55,78,1
1.7699999809265137,68,66,0
1.7699999809265137,62,65,0
1.7699999809265137,53,31,1
1.7699999809265137,67,69,0
1.7699999809265137,55,95,0
1.7699999809265137,67,45,0
1.7699999809265137,68,45,1
1.7699999809265137,68,74,1
1.7699999809265137,66,46,0
1.7699999809265137,55,28,0
1.7699999809265137,67,44,0
1.7699999809265137,68,47,1
1.7699999809265137,58,89,0
1.7699999809265137,56,94,0
1.7699999809265137,64,74,0
1.7699999809265137,69,66,0
1.7699999809265137,66,50,0
1.7699999809265137,63,57,0
1.7699999809265137,62,78,0
1.7699999809265137,60,85,0
1.7699999809265137,63,55,0
1.7699999809265137,56,76,1
1.7699999809265137,51,99,0
1.7699999809265137,62,34,1
1.7699999809265137,69,64,0
1.7699999809265137,61,82,0
1.7699999809265137,54,81,1
1.7699999809265137,69,95,1
1.7699999809265137,70,61,1
1.7699999809265137,63,82,0
1.7699999809265137,65,53,0
1.7699999809265137,63,56,0
1.7699999809265137,62,89,1
1.7699999809265137,57,92,0
1.7699999809265137,61,81,0
1.7699999809265137,65,51,1
1.7699999809265137,70,55,1
1.7699999809265137,60,84,0
1.7699999809265137,61,68,0
1.7699999809265137,65,74,0
1.7699999809265137,67,68,0
1.7699999809265137,68,49,1
1.7699999809265137,63,75,0
1.7699999809265137,65,71,0
1.7699999809265137,54,79,1
1.7699999809265137,62,63,0
1.7699999809265137,68,67,0
1.7699999809265137,63,58,0
1.7699999809265137,64,60,0
1.7699999809265137,59,86,0
1.7699999809265137,71,58,1
1.7699999809265137,58,125,0
1.7699999809265137,64,59,0
1.7699999809265137,63,60,0
1.7699999809265137,66,47,0
1.7699999809265137,63,107,0
1.7699999809265137,54,96,0
1.7699999809265137,58,35,0
1.7699999809265137,63,76,0
1.7699999809265137,66,49,0
1.7699999809265137,65,22,0
1.7699999809265137,61,65,0
1.7699999809265137,64,53,0
1.7699999809265137,63,62,0
1.7699999809265137,70,52,1
1.7699999809265137,54,22,1
1.7699999809265137,71,57,1
1.7699999809265137,66,70,0
1.7699999809265137,55,96,0
1.7699999809265137,61,94,1
1.7699999809265137,65,73,0
1.7699999809265137,63,78,0
1.7699999809265137,53,33,1
1.7699999809265137,69,46,1
1.7699999809265137,61,83,0
1.7699999809265137,52,81,0
1.7699999809265137,57,91,0
1.7699999809265137,61,66,0
1.7699999809265137,46,124,1
1.7699999809265137,71,59,1
1.7699999809265137,52,47,1
1.7699999809265137,58,90,0
1.7699999809265137,68,51,0
1.7699999809265137,68,43,0
1.7699999809265137,66,51,0
1.7733333110809326,64,54,0
1.7733333110809326,69,65,0
1.7733333110809326,68,49,1
1.7733333110809326,68,67,0
1.7733333110809326,61,80,0
1.7733333110809326,67,44,0
1.7733333110809326,56,76,1
1.7733333110809326,66,51,0
1.7733333110809326,57,75,1
1.7733333110809326,54,79,1
1.7733333110809326,62,78,0
1.7733333110809326,71,58,1
1.7733333110809326,67,69,0
1.7733333110809326,53,81,1
1.7733333110809326,62,80,0
1.7733333110809326,70,52,1
1.7733333110809326,68,47,1
1.7733333110809326,64,75,0
1.7733333110809326,63,76,0
1.7733333110809326,70,62,1
1.7733333110809326,66,70,0
1.7733333110809326,67,68,0
1.7733333110809326,65,51,1
1.7733333110809326,61,81,0
1.7733333110809326,59,88,0
1.7733333110809326,65,74,0
1.7733333110809326,66,48,0
1.7733333110809326,67,46,0
1.7733333110809326,60,83,0
1.7733333110809326,65,73,0
1.7733333110809326,63,77,0
1.7733333110809326,70,55,1
1.7733333110809326,60,85,0
1.7733333110809326,60,84,0
1.7733333110809326,68,66,0
1.7733333110809326,58,89,0
1.7733333110809326,57,92,0
1.7733333110809326,66,69,0
1.7733333110809326,63,56,0
1.7733333110809326,59,86,0
1.7733333110809326,69,66,0
1.7733333110809326,64,74,0
1.7733333110809326,68,68,0
1.7733333110809326,56,77,1
1.7733333110809326,59,87,0
1.7733333110809326,55,77,1
1.7733333110809326,55,96,0
1.7733333110809326,56,94,0
1.7733333110809326,70,54,1
1.7733333110809326,65,72,0
1.7733333110809326,68,46,1
1.7733333110809326,66,49,0
1.7733333110809326,58,90,0
1.7733333110809326,64,53,0
1.7733333110809326,66,71,0
1.7733333110809326,68,48,1
1.7733333110809326,67,45,0
1.7733333110809326,66,50,0
1.7733333110809326,62,79,0
1.7733333110809326,61,82,0
1.7733333110809326,55,78,1
1.7766666412353516,54,79,1
1.7766666412353516,65,51,1
1.7766666412353516,57,92,0
1.7766666412353516,65,73,0
1.7766666412353516,61,82,0
1.7766666412353516,62,80,0
1.7766666412353516,67,45,0
1.7766666412353516,67,68,0
1.7766666412353516,63,76,0
1.7766666412353516,55,78,1
1.7766666412353516,64,74,0
1.7766666412353516,62,79,0
1.7766666412353516,68,66,0
1.7766666412353516,69,65,0
1.7766666412353516,68,67,0
1.7766666412353516,67,69,0
1.7766666412353516,66,69,0
1.7766666412353516,66,70,0
1.7766666412353516,56,94,0
1.7766666412353516,58,90,0
1.7766666412353516,64,75,0
1.7766666412353516,69,66,0
1.7766666412353516,71,58,1
1.7766666412353516,60,84,0
1.7766666412353516,65,72,0
1.7766666412353516,57,75,1
1.7766666412353516,53,81,1
1.7766666412353516,68,49,1
1.7766666412353516,61,81,0
1.7766666412353516,67,44,0
1.7766666412353516,60,85,0
1.7766666412353516,56,76,1
1.7766666412353516,68,47,1
1.7766666412353516,59,88,0
1.7766666412353516,63,77,0
1.7766666412353516,68,46,1
1.7766666412353516,66,71,0
1.7799999713897705,54,79,1
1.7799999713897705,60,85,0
1.7799999713897705,64,74,0
1.7799999713897705,67,68,0
1.7799999713897705,63,76,0
1.7799999713897705,66,70,0
1.7799999713897705,61,82,0
1.7799999713897705,64,75,0
1.7799999713897705,69,66,0
1.7799999713897705,62,80,0
1.7799999713897705,69,65,0
1.7799999713897705,63,77,0
1.7799999713897705,56,94,0
1.7799999713897705,58,90,0
1.7799999713897705,68,67,0
1.7799999713897705,62,79,0
1.7799999713897705,66,71,0
1.7799999713897705,56,76,1
1.7799999713897705,65,73,0
1.7833333015441897,56,76,1
1.7833333015441897,60,85,0
1.7833333015441897,62,80,0
1.7833333015441897,68,67,0
1.7833333015441897,63,77,0
1.7833333015441897,67,68,0
1.7833333015441897,66,71,0
1.7833333015441897,69,66,0
1.7833333015441897,58,90,0
1.7833333015441897,64,75,0
1.7833333015441897,64,74,0
1.7833333015441897,62,79,0
1.7833333015441897,69,65,0
1.7833333015441897,54,79,1
1.7833333015441897,65,73,0
1.7833333015441897,66,70,0
1.7833333015441897,61,82,0
1.7866666316986084,60,85,0
1.7866666316986084,62,80,0
1.7866666316986084,69,66,0
1.7866666316986084,61,82,0
1.7866666316986084,64,75,0
1.7866666316986084,69,65,0
1.7866666316986084,66,70,0
1.7866666316986084,62,79,0
1.7866666316986084,63,77,0
1.7866666316986084,64,74,0
1.7866666316986084,65,73,0
1.7866666316986084,67,68,0
1.7866666316986084,68,67,0
1.7866666316986084,54,79,1
1.7866666316986084,56,76,1
1.7899999618530271,68,67,0
1.7899999618530271,67,68,0
1.7899999618530271,64,74,0
1.7899999618530271,66,70,0
1.7899999618530271,56,76,1
1.7899999618530271,69,66,0
1.7899999618530271,69,65,0
1.7899999618530271,65,73,0
1.7899999618530271,60,85,0
1.7899999618530271,61,82,0
1.7899999618530271,63,77,0
1.7933332920074463,67,68,0
1.7933332920074463,63,77,0
1.7933332920074463,56,76,1
1.7933332920074463,68,67,0
1.7933332920074463,61,82,0
1.7933332920074463,66,70,0
1.7933332920074463,65,73,0
1.7933332920074463,69,65,0
1.7966666221618652,56,76,1
1.7966666221618652,66,70,0
1.7966666221618652,63,77,0
1.7966666221618652,61,82,0
1.7999999523162842,61,82,0
1.8037036657333372,64,58,0
1.8037036657333372,59,127,1
1.8037036657333372,57,75,1
1.8037036657333372,65,70,0
1.8037036657333372,64,73,0
1.8037036657333372,54,78,1
1.8037036657333372,63,63,0
1.8037036657333372,61,65,0
1.8037036657333372,71,59,1
1.8037036657333372,61,85,1
1.8037036657333372,56,76,1
1.8037036657333372,69,96,1
1.8037036657333372,51,99,0
1.8037036657333372,57,92,0
1.8037036657333372,61,87,1
1.8037036657333372,64,74,0
1.8037036657333372,69,60,1
1.8037036657333372,64,53,0
1.8037036657333372,60,82,0
1.8037036657333372,69,64,0
1.8037036657333372,62,77,0
1.8037036657333372,62,62,0
1.8037036657333372,61,67,0
1.8037036657333372,65,73,0
1.8037036657333372,58,89,0
1.8037036657333372,70,60,1
1.8037036657333372,54,79,1
1.8037036657333372,63,55,0
1.8037036657333372,69,52,1
1.8037036657333372,70,86,1
1.8037036657333372,62,55,0
1.8037036657333372,58,124,1
1.8037036657333372,61,111,1
1.8037036657333372,68,50,0
1.8037036657333372,53,81,1
1.8037036657333372,65,71,0
1.8037036657333372,67,49,1
1.8037036657333372,70,61,1
1.8037036657333372,69,65,0
1.8037036657333372,52,82,1
1.8037036657333372,55,95,0
1.8037036657333372,66,69,0
1.8037036657333372,62,79,0
1.8037036657333372,64,85,1
1.8037036657333372,66,43,0
1.8037036657333372,66,119,1
1.8037036657333372,68,44,1
1.8037036657333372,56,93,0
1.8037036657333372,53,80,1
1.8037036657333372,65,49,1
1.8037036657333372,67,67,0
1.8037036657333372,50,102,0
1.8037036657333372,70,59,1
1.8037036657333372,62,59,0
1.8037036657333372,58,90,0
1.8037036657333372,71,56,1
1.8037036657333372,61,79,0
1.8037036657333372,67,43,0
1.8037036657333372,52,79,0
1.8037036657333372,62,78,0
1.8037036657333372,56,94,0
1.8037036657333372,59,87,0
1.8037036657333372,63,76,0
1.8037036657333372,62,61,0
1.8037036657333372,63,77,0
1.8037036657333372,61,64,0
1.8037036657333372,67,47,1
1.8037036657333372,68,49,0
1.8037036657333372,60,83,0
1.8037036657333372,66,70,0
1.8037036657333372,68,66,0
1.8037036657333372,62,80,1
1.8037036657333372,52,78,0
1.8037036657333372,69,61,1
1.8037036657333372,61,80,0
1.8037036657333372,69,63,0
1.8037036657333372,68,46,1
1.8037036657333372,69,72,1
1.8037036657333372,61,86,1
1.8037036657333372,71,58,1
1.8037036657333372,71,57,1
1.8037036657333372,54,97,0
1.8037036657333372,59,86,0
1.8037036657333372,62,63,0
1.8037036657333372,65,47,1
1.8037036657333372,65,52,1
1.8037036657333372,63,72,1
1.8037036657333372,68,67,0
1.8037036657333372,61,81,0
1.8037036657333372,63,75,0
1.8037036657333372,56,75,1
1.8037036657333372,58,88,0
1.8037036657333372,65,48,1
1.8037036657333372,67,66,0
1.8037036657333372,67,68,0
1.8037036657333372,60,84,0
1.8037036657333372,62,57,0
1.8037036657333372,66,44,0
1.8037036657333372,66,45,0
1.8037036657333372,61,82,0
1.8037036657333372,65,72,0
1.8037036657333372,53,98,1
1.8037036657333372,57,91,0
1.8037036657333372,55,78,1
1.8037036657333372,67,46,1
1.8037036657333372,59,88,0
1.8037036657333372,60,67,0
1.8037036657333372,69,51,1
1.8037036657333372,55,100,1
1.8037036657333372,61,66,0
1.8037036657333372,54,80,1
1.8037036657333372,63,54,0
1.8037036657333372,59,85,0
1.8037036657333372,52,80,0
1.8037036657333372,55,77,1
1.8037036657333372,70,90,1
1.8037036657333372,68,65,0
1.8037036657333372,64,115,1
1.8037036657333372,62,58,0
1.8037036657333372,66,47,0
1.8037036657333372,63,61,0
1.8037036657333372,56,77,1
1.8037036657333372,70,55,1
1.8037036657333372,59,106,1
1.8037036657333372,67,48,1
1.8037036657333372,64,52,0
1.8037036657333372,68,45,1
1.8037036657333372,59,126,0
1.8037036657333372,68,43,1
1.8037036657333372,65,50,1
1.8037036657333372,66,68,0
1.8037036657333372,62,60,0
1.8037036657333372,65,51,1
1.8037036657333372,67,70,0
1.8037036657333372,70,54,1
1.8037036657333372,63,127,1
1.8037036657333372,63,53,0
1.8037036657333372,48,117,0
1.8074073791503904,64,52,0
1.8074073791503904,64,53,0
1.8074073791503904,54,97,0
1.8074073791503904,57,92,0
1.8074073791503904,60,82,0
1.8074073791503904,69,63,0
1.8074073791503904,56,77,1
1.8074073791503904,61,81,0
1.8074073791503904,65,70,0
1.8074073791503904,65,49,1
1.8074073791503904,67,66,0
1.8074073791503904,59,87,0
1.8074073791503904,58,90,0
1.8074073791503904,65,72,0
1.8074073791503904,63,75,0
1.8074073791503904,62,77,0
1.8074073791503904,56,94,0
1.8074073791503904,67,43,0
1.8074073791503904,70,61,1
1.8074073791503904,56,76,1
1.8074073791503904,68,65,0
1.8074073791503904,63,54,0
1.8074073791503904,53,80,1
1.8074073791503904,69,64,0
1.8074073791503904,60,84,0
1.8074073791503904,65,48,1
1.8074073791503904,56,75,1
1.8074073791503904,63,76,0
1.8074073791503904,71,57,1
1.8074073791503904,68,45,1
1.8074073791503904,59,86,0
1.8074073791503904,54,79,1
1.8074073791503904,55,78,1
1.8074073791503904,65,51,1
1.8074073791503904,69,51,1
1.8074073791503904,60,83,0
1.8074073791503904,68,44,1
1.8074073791503904,62,78,0
1.8074073791503904,69,52,1
1.8074073791503904,55,77,1
1.8074073791503904,67,68,0
1.8074073791503904,66,68,0
1.8074073791503904,62,79,0
1.8074073791503904,58,89,0
1.8074073791503904,66,69,0
1.8074073791503904,65,50,1
1.8074073791503904,68,66,0
1.8074073791503904,67,67,0
1.8074073791503904,65,71,0
1.8074073791503904,69,65,0
1.8074073791503904,61,80,0
1.811111092567444,60,84,0
1.811111092567444,62,79,0
1.811111092567444,53,80,1
1.811111092567444,67,67,0
1.811111092567444,54,79,1
1.811111092567444,62,78,0
1.811111092567444,58,90,0
1.811111092567444,60,83,0
1.811111092567444,63,76,0
1.811111092567444,64,52,0
1.811111092567444,55,77,1
1.811111092567444,68,66,0
1.811111092567444,63,75,0
1.811111092567444,59,87,0
1.811111092567444,61,81,0
1.811111092567444,62,77,0
1.811111092567444,61,80,0
1.811111092567444,68,65,0
1.811111092567444,57,92,0
1.811111092567444,65,50,1
1.811111092567444,65,72,0
1.811111092567444,69,64,0
1.811111092567444,56,75,1
1.811111092567444,66,68,0
1.811111092567444,69,63,0
1.811111092567444,65,71,0
1.811111092567444,66,69,0
1.811111092567444,65,51,1
1.811111092567444,56,76,1
1.814814805984497,63,76,0
1.814814805984497,68,66,0
1.814814805984497,59,87,0
1.814814805984497,57,92,0
1.814814805984497,68,65,0
1.814814805984497,58,90,0
1.814814805984497,56,76,1
1.814814805984497,62,78,0
1.814814805984497,69,64,0
1.814814805984497,61,81,0
1.814814805984497,60,84,0
1.814814805984497,66,69,0
1.814814805984497,67,67,0
1.814814805984497,62,79,0
1.814814805984497,56,75,1
1.814814805984497,53,80,1
1.814814805984497,65,72,0
1.814814805984497,55,77,1
1.8185185194015503,61,81,0
1.8185185194015503,57,92,0
1.8185185194015503,69,64,0
1.8185185194015503,59,87,0
1.8185185194015503,60,84,0
1.8185185194015503,63,76,0
1.8185185194015503,68,66,0
1.8185185194015503,62,78,0
1.8185185194015503,66,69,0
1.8185185194015503,53,80,1
1.8185185194015503,65,72,0
1.8185185194015503,67,67,0
1.8185185194015503,55,77,1
1.8222222328186035,53,80,1
1.8222222328186035,59,87,0
1.8222222328186035,68,66,0
1.8222222328186035,63,76,0
1.8222222328186035,66,69,0
1.8222222328186035,67,67,0
1.8222222328186035,65,72,0
1.8222222328186035,60,84,0
1.8222222328186035,69,64,0
1.8222222328186035,61,81,0
1.8222222328186035,55,77,1
1.8259259462356567,55,77,1
1.8259259462356567,68,66,0
1.8259259462356567,69,64,0
1.8259259462356567,60,84,0
1.8259259462356567,67,67,0
1.8259259462356567,65,72,0
1.8259259462356567,63,76,0
1.8259259462356567,66,69,0
1.8259259462356567,59,87,0
1.82962965965271,68,66,0
1.82962965965271,65,72,0
1.82962965965271,59,87,0
1.82962965965271,66,69,0
1.82962965965271,60,84,0
1.82962965965271,69,64,0
1.82962965965271,63,76,0
1.82962965965271,67,67,0
1.8333333730697632,60,84,0
1.8333333730697632,68,66,0
1.8333333730697632,69,64,0
1.8333333730697632,66,69,0
1.8370370864868164,69,64,0
1.8370370864868164,65,49,1
1.8370370864868164,53,81,1
1.8370370864868164,62,55,0
1.8370370864868164,59,84,0
1.8370370864868164,67,67,0
1.8370370864868164,70,58,1
1.8370370864868164,54,78,1
1.8370370864868164,64,74,0
1.8370370864868164,54,80,1
1.8370370864868164,69,59,1
1.8370370864868164,67,45,1
1.8370370864868164,60,83,0
1.8370370864868164,64,57,0
1.8370370864868164,69,51,1
1.8370370864868164,54,79,1
1.8370370864868164,58,89,0
1.8370370864868164,69,53,1
1.8370370864868164,53,26,1
1.8370370864868164,54,97,0
1.8370370864868164,62,78,0
1.8370370864868164,57,90,0
1.8370370864868164,60,86,0
1.8370370864868164,68,65,0
1.8370370864868164,57,75,1
1.8370370864868164,61,80,0
1.8370370864868164,65,106,0
1.8370370864868164,63,52,0
1.8370370864868164,69,52,1
1.8370370864868164,56,93,0
1.8370370864868164,65,69,0
1.8370370864868164,59,23,0
1.8370370864868164,70,77,1
1.8370370864868164,55,77,1
1.8370370864868164,61,89,1
1.8370370864868164,59,86,0
1.8370370864868164,70,56,1
1.8370370864868164,68,49,0
1.8370370864868164,63,75,0
1.8370370864868164,63,78,0
1.8370370864868164,69,65,0
1.8370370864868164,55,76,1
1.8370370864868164,61,62,0
1.8370370864868164,57,74,1
1.8370370864868164,64,56,0
1.8370370864868164,65,47,1
1.8370370864868164,69,61,0
1.8370370864868164,62,76,0
1.8370370864868164,67,47,1
1.8370370864868164,69,58,1
1.8370370864868164,66,67,0
1.8370370864868164,51,123,0
1.8370370864868164,55,97,0
1.8370370864868164,65,46,1
1.8370370864868164,52,77,0
1.8370370864868164,70,80,1
1.8370370864868164,69,63,0
1.8370370864868164,55,78,1
1.8370370864868164,60,84,0
1.8370370864868164,62,79,0
1.8370370864868164,65,48,1
1.8370370864868164,61,82,0
1.8370370864868164,62,58,0
1.8370370864868164,57,91,0
1.8370370864868164,60,105,1
1.8370370864868164,59,87,0
1.8370370864868164,67,46,1
1.8370370864868164,70,57,1
1.8370370864868164,67,50,0
1.8370370864868164,65,50,1
1.8370370864868164,62,61,0
1.8370370864868164,60,67,0
1.8370370864868164,62,56,0
1.8370370864868164,66,68,0
1.8370370864868164,52,78,0
1.8370370864868164,62,57,0
1.8370370864868164,63,76,0
1.8370370864868164,54,42,0
1.8370370864868164,61,63,0
1.8370370864868164,51,99,0
1.8370370864868164,68,66,0
1.8370370864868164,59,85,0
1.8370370864868164,57,117,1
1.8370370864868164,61,65,0
1.8370370864868164,65,44,1
1.8370370864868164,69,50,1
1.8370370864868164,65,43,1
1.8370370864868164,66,42,0
1.8370370864868164,69,54,1
1.8370370864868164,67,44,1
1.8370370864868164,70,83,1
1.8370370864868164,67,66,0
1.8370370864868164,61,83,0
1.8370370864868164,70,79,1
1.8370370864868164,68,64,0
1.8370370864868164,68,63,0
1.8370370864868164,58,123,1
1.8370370864868164,70,59,1
1.8370370864868164,70,54,1
1.8370370864868164,63,54,0
1.8370370864868164,65,45,1
1.8370370864868164,60,66,0
1.8370370864868164,64,51,0
1.8370370864868164,70,60,1
1.8370370864868164,65,71,0
1.8370370864868164,61,79,0
1.8370370864868164,52,54,1
1.8370370864868164,54,96,0
1.8370370864868164,67,48,1
1.8370370864868164,53,27,1
1.8370370864868164,58,90,0
1.8370370864868164,62,54,0
1.8370370864868164,67,65,0
1.8370370864868164,63,58,0
1.8370370864868164,60,82,0
1.8370370864868164,70,89,1
1.8370370864868164,58,88,0
1.8370370864868164,60,81,0
1.8370370864868164,63,57,0
1.8370370864868164,60,110,0
1.8370370864868164,70,92,1
1.8370370864868164,69,62,0
1.8370370864868164,62,77,0
1.8370370864868164,53,80,1
1.8370370864868164,56,75,1
1.8370370864868164,67,43,1
1.8370370864868164,63,53,0
1.8370370864868164,57,92,0
1.8370370864868164,61,81,0
1.8370370864868164,65,70,0
1.8370370864868164,66,69,0
1.8370370864868164,56,76,1
1.8370370864868164,52,99,0
1.8370370864868164,56,94,0
1.8370370864868164,56,100,0
1.8370370864868164,65,42,1
1.8407407999038696,62,77,0
1.8407407999038696,60,83,0
1.8407407999038696,67,45,1
1.8407407999038696,65,70,0
1.8407407999038696,63,53,0
1.8407407999038696,65,71,0
1.8407407999038696,65,69,0
1.8407407999038696,55,77,1
1.8407407999038696,59,87,0
1.8407407999038696,65,46,1
1.8407407999038696,60,84,0
1.8407407999038696,61,80,0
1.8407407999038696,56,75,1
1.8407407999038696,65,45,1
1.8407407999038696,65,48,1
1.8407407999038696,53,80,1
1.8407407999038696,67,66,0
1.8407407999038696,68,65,0
1.8407407999038696,68,64,0
1.8407407999038696,62,76,0
1.8407407999038696,67,46,1
1.8407407999038696,69,51,1
1.8407407999038696,61,81,0
1.8407407999038696,69,62,0
1.8407407999038696,59,86,0
1.8407407999038696,59,85,0
1.8407407999038696,67,47,1
1.8407407999038696,62,78,0
1.8407407999038696,66,67,0
1.8407407999038696,63,75,0
1.8407407999038696,54,79,1
1.8407407999038696,61,79,0
1.8407407999038696,58,89,0
1.8407407999038696,57,92,0
1.8407407999038696,67,44,1
1.8407407999038696,60,82,0
1.8407407999038696,65,44,1
1.8407407999038696,54,78,1
1.8407407999038696,65,47,1
1.8407407999038696,66,68,0
1.8407407999038696,65,49,1
1.8407407999038696,67,48,1
1.8407407999038696,69,63,0
1.8407407999038696,58,88,0
1.8407407999038696,56,76,1
1.8407407999038696,70,58,1
1.8444445133209229,67,66,0
1.8444445133209229,58,89,0
1.8444445133209229,56,75,1
1.8444445133209229,55,77,1
1.8444445133209229,65,48,1
1.8444445133209229,61,80,0
1.8444445133209229,66,68,0
1.8444445133209229,54,78,1
1.8444445133209229,65,71,0
1.8444445133209229,66,67,0
1.8444445133209229,65,46,1
1.8444445133209229,59,86,0
1.8444445133209229,69,63,0
1.8444445133209229,61,81,0
1.8444445133209229,57,92,0
1.8444445133209229,65,69,0
1.8444445133209229,59,87,0
1.8444445133209229,68,65,0
1.8444445133209229,69,62,0
1.8444445133209229,62,78,0
1.8444445133209229,60,82,0
1.8444445133209229,62,77,0
1.8444445133209229,53,80,1
1.8444445133209229,60,83,0
1.8444445133209229,68,64,0
1.848148226737976,67,66,0
1.848148226737976,60,83,0
1.848148226737976,55,77,1
1.848148226737976,66,67,0
1.848148226737976,54,78,1
1.848148226737976,65,71,0
1.848148226737976,59,86,0
1.848148226737976,61,81,0
1.848148226737976,69,62,0
1.848148226737976,68,64,0
1.848148226737976,61,80,0
1.848148226737976,56,75,1
1.848148226737976,62,77,0
1.848148226737976,69,63,0
1.848148226737976,62,78,0
1.848148226737976,66,68,0
1.848148226737976,58,89,0
1.848148226737976,68,65,0
1.848148226737976,59,87,0
1.8518519401550293,65,71,0
1.8518519401550293,56,75,1
1.8518519401550293,67,66,0
1.8518519401550293,69,63,0
1.8518519401550293,54,78,1
1.8518519401550293,62,78,0
1.8518519401550293,68,65,0
1.8518519401550293,66,68,0
1.8518519401550293,60,83,0
1.855555534362793,67,66,0
1.855555534362793,66,68,0
1.855555534362793,65,71,0
1.855555534362793,56,75,1
1.855555534362793,68,65,0
1.855555534362793,60,83,0
1.855555534362793,54,78,1
1.855555534362793,69,63,0
1.855555534362793,62,78,0
1.8592592477798464,69,63,0
1.8592592477798464,67,66,0
1.8592592477798464,54,78,1
1.8592592477798464,68,65,0
1.8629629611968996,68,65,0
1.8629629611968996,69,63,0
1.8629629611968996,67,66,0
1.8666666746139529,68,65,0
1.8666666746139529,69,63,0
1.870000004768372,69,52,1
1.870000004768372,62,54,0
1.870000004768372,64,46,1
1.870000004768372,59,85,0
1.870000004768372,69,60,0
1.870000004768372,56,76,1
1.870000004768372,66,67,0
1.870000004768372,57,117,0
1.870000004768372,47,121,1
1.870000004768372,56,19,1
1.870000004768372,52,79,0
1.870000004768372,60,58,0
1.870000004768372,71,123,0
1.870000004768372,53,48,1
1.870000004768372,61,63,0
1.870000004768372,61,58,0
1.870000004768372,68,51,1
1.870000004768372,68,64,0
1.870000004768372,61,78,0
1.870000004768372,56,92,0
1.870000004768372,63,52,0
1.870000004768372,65,68,0
1.870000004768372,59,113,0
1.870000004768372,62,77,0
1.870000004768372,60,115,0
1.870000004768372,67,66,0
1.870000004768372,55,77,1
1.870000004768372,57,91,0
1.870000004768372,69,64,0
1.870000004768372,54,44,1
1.870000004768372,62,93,1
1.870000004768372,69,61,0
1.870000004768372,58,116,1
1.870000004768372,63,53,0
1.870000004768372,64,71,1
1.870000004768372,69,62,0
1.870000004768372,55,95,0
1.870000004768372,68,63,0
1.870000004768372,69,98,1
1.870000004768372,64,112,1
1.870000004768372,68,62,0
1.870000004768372,60,66,0
1.870000004768372,63,56,0
1.870000004768372,57,23,0
1.870000004768372,65,43,1
1.870000004768372,63,72,1
1.870000004768372,50,65,0
1.870000004768372,62,76,0
1.870000004768372,65,47,1
1.870000004768372,67,48,0
1.870000004768372,56,95,0
1.870000004768372,63,59,0
1.870000004768372,70,56,1
1.870000004768372,74,69,1
1.870000004768372,60,84,0
1.870000004768372,62,53,0
1.870000004768372,60,23,0
1.870000004768372,67,43,1
1.870000004768372,53,80,1
1.870000004768372,50,64,0
1.870000004768372,67,49,0
1.870000004768372,55,46,0
1.870000004768372,67,65,0
1.870000004768372,62,22,0
1.870000004768372,63,51,0
1.870000004768372,61,57,0
1.870000004768372,67,64,0
1.870000004768372,61,44,0
1.870000004768372,73,119,1
1.870000004768372,69,63,0
1.870000004768372,65,41,1
1.870000004768372,66,66,0
1.870000004768372,69,54,1
1.870000004768372,59,97,1
1.870000004768372,54,43,0
1.870000004768372,59,84,0
1.870000004768372,50,124,0
1.870000004768372,61,80,0
1.870000004768372,65,46,1
1.870000004768372,55,76,1
1.870000004768372,62,59,0
1.870000004768372,60,85,0
1.870000004768372,62,60,0
1.870000004768372,65,44,1
1.870000004768372,54,79,1
1.870000004768372,68,50,1
1.870000004768372,61,61,0
1.870000004768372,62,56,0
1.870000004768372,60,82,0
1.870000004768372,69,53,1
1.870000004768372,60,116,0
1.870000004768372,60,65,0
1.870000004768372,58,88,0
1.870000004768372,70,71,1
1.870000004768372,58,87,0
1.870000004768372,66,47,1
1.870000004768372,65,45,1
1.870000004768372,62,111,1
1.870000004768372,61,56,0
1.870000004768372,61,22,0
1.870000004768372,66,50,0
1.870000004768372,61,59,0
1.870000004768372,56,75,1
1.870000004768372,70,55,1
1.870000004768372,73,120,1
1.870000004768372,61,60,0
1.870000004768372,69,57,1
1.870000004768372,54,78,1
1.870000004768372,70,57,1
1.870000004768372,62,31,1
1.870000004768372,64,47,1
1.870000004768372,56,93,0
1.870000004768372,52,82,1
1.870000004768372,60,81,0
1.870000004768372,64,49,1
1.870000004768372,59,86,0
1.870000004768372,61,79,0
1.870000004768372,62,58,0
1.870000004768372,67,44,1
1.870000004768372,53,81,1
1.870000004768372,66,95,1
1.870000004768372,71,75,1
1.870000004768372,61,64,0
1.870000004768372,60,83,0
1.870000004768372,56,74,1
1.870000004768372,58,89,0
1.870000004768372,55,78,1
1.870000004768372,64,48,1
1.8733333349227903,55,76,1
1.8733333349227903,61,79,0
1.8733333349227903,67,43,1
1.8733333349227903,68,64,0
1.8733333349227903,66,67,0
1.8733333349227903,59,86,0
1.8733333349227903,66,66,0
1.8733333349227903,65,45,1
1.8733333349227903,67,66,0
1.8733333349227903,56,75,1
1.8733333349227903,62,76,0
1.8733333349227903,61,80,0
1.8733333349227903,62,77,0
1.8733333349227903,60,83,0
1.8733333349227903,55,77,1
1.8733333349227903,69,62,0
1.8733333349227903,60,82,0
1.8733333349227903,56,74,1
1.8733333349227903,54,79,1
1.8733333349227903,63,52,0
1.8733333349227903,58,89,0
1.8733333349227903,69,61,0
1.8733333349227903,54,78,1
1.8733333349227903,70,71,1
1.8733333349227903,65,44,1
1.8733333349227903,68,63,0
1.8733333349227903,68,51,1
1.8733333349227903,53,80,1
1.8733333349227903,65,43,1
1.8733333349227903,61,78,0
1.8733333349227903,67,65,0
1.8766666650772093,59,86,0
1.8766666650772093,68,64,0
1.8766666650772093,66,67,0
1.8766666650772093,61,80,0
1.8766666650772093,54,78,1
1.8766666650772093,68,63,0
1.8766666650772093,60,82,0
1.8766666650772093,62,76,0
1.8766666650772093,69,61,0
1.8766666650772093,60,83,0
1.8766666650772093,67,65,0
1.8766666650772093,55,76,1
1.8766666650772093,58,89,0
1.8766666650772093,69,62,0
1.8766666650772093,66,66,0
1.8766666650772093,56,75,1
1.8766666650772093,62,77,0
1.8766666650772093,61,79,0
1.8799999952316284,54,78,1
1.8799999952316284,69,62,0
1.8799999952316284,62,77,0
1.8799999952316284,55,76,1
1.8799999952316284,61,80,0
1.8799999952316284,69,61,0
1.8799999952316284,58,89,0
1.8799999952316284,67,65,0
1.8799999952316284,59,86,0
1.8799999952316284,68,63,0
1.8799999952316284,66,67,0
1.8799999952316284,68,64,0
1.8799999952316284,60,83,0
1.8833333253860476,69,62,0
1.8833333253860476,61,80,0
1.8833333253860476,68,64,0
1.8833333253860476,59,86,0
1.8833333253860476,69,61,0
1.8833333253860476,62,77,0
1.8833333253860476,66,67,0
1.8833333253860476,67,65,0
1.8833333253860476,55,76,1
1.8833333253860476,60,83,0
1.8866666555404663,62,77,0
1.8866666555404663,60,83,0
1.8866666555404663,67,65,0
1.8866666555404663,68,64,0
1.8866666555404663,69,61,0
1.8866666555404663,61,80,0
1.8866666555404663,66,67,0
1.8866666555404663,59,86,0
1.8866666555404663,69,62,0
1.8866666555404663,55,76,1
1.8899999856948853,69,62,0
1.8899999856948853,62,77,0
1.8899999856948853,69,61,0
1.8899999856948853,61,80,0
1.8899999856948853,66,67,0
1.8899999856948853,59,86,0
1.8899999856948853,68,64,0
1.8899999856948853,60,83,0
1.893333315849304,61,80,0
1.893333315849304,59,86,0
1.8966666460037231,61,80,0
1.8966666460037231,59,86,0
1.899999976158142,59,86,0
1.9041666984558103,64,79,0
1.9041666984558103,59,66,0
1.9041666984558103,61,51,0
1.9041666984558103,73,121,1
1.9041666984558103,50,63,0
1.9041666984558103,60,86,1
1.9041666984558103,61,79,0
1.9041666984558103,68,71,1
1.9041666984558103,55,95,0
1.9041666984558103,64,72,1
1.9041666984558103,54,126,0
1.9041666984558103,67,67,0
1.9041666984558103,59,83,0
1.9041666984558103,69,57,1
1.9041666984558103,57,90,0
1.9041666984558103,61,55,0
1.9041666984558103,66,49,0
1.9041666984558103,47,122,0
1.9041666984558103,52,77,0
1.9041666984558103,69,97,1
1.9041666984558103,60,81,0
1.9041666984558103,64,111,1
1.9041666984558103,58,23,0
1.9041666984558103,66,47,1
1.9041666984558103,54,77,1
1.9041666984558103,70,87,1
1.9041666984558103,61,78,0
1.9041666984558103,53,29,1
1.9041666984558103,55,20,1
1.9041666984558103,54,45,0
1.9041666984558103,51,75,0
1.9041666984558103,70,63,1
1.9041666984558103,60,82,0
1.9041666984558103,70,72,1
1.9041666984558103,66,65,0
1.9041666984558103,70,88,1
1.9041666984558103,57,32,1
1.9041666984558103,52,111,1
1.9041666984558103,66,45,1
1.9041666984558103,66,68,0
1.9041666984558103,68,84,1
1.9041666984558103,63,51,0
1.9041666984558103,63,50,0
1.9041666984558103,56,75,1
1.9041666984558103,61,82,1
1.9041666984558103,59,106,0
1.9041666984558103,68,62,0
1.9041666984558103,70,56,1
1.9041666984558103,59,40,1
1.9041666984558103,59,85,0
1.9041666984558103,64,74,1
1.9041666984558103,57,91,0
1.9041666984558103,64,48,0
1.9041666984558103,62,45,0
1.9041666984558103,53,79,1
1.9041666984558103,68,49,1
1.9041666984558103,70,58,1
1.9041666984558103,52,78,0
1.9041666984558103,57,17,1
1.9041666984558103,67,65,0
1.9041666984558103,60,84,1
1.9041666984558103,61,83,1
1.9041666984558103,68,50,1
1.9041666984558103,62,53,0
1.9041666984558103,50,62,0
1.9041666984558103,64,70,1
1.9041666984558103,56,18,1
1.9041666984558103,61,52,0
1.9041666984558103,69,60,0
1.9041666984558103,69,96,1
1.9041666984558103,71,74,1
1.9041666984558103,53,99,1
1.9041666984558103,75,71,1
1.9041666984558103,62,52,0
1.9041666984558103,51,70,0
1.9041666984558103,56,93,0
1.9041666984558103,55,76,1
1.9041666984558103,61,77,0
1.9041666984558103,60,65,0
1.9041666984558103,58,113,0
1.9041666984558103,70,79,1
1.9041666984558103,66,66,0
1.9041666984558103,65,71,0
1.9041666984558103,54,97,0
1.9041666984558103,60,80,0
1.9041666984558103,56,32,1
1.9041666984558103,56,74,1
1.9041666984558103,54,23,1
1.9041666984558103,61,61,0
1.9041666984558103,69,61,0
1.9041666984558103,57,103,0
1.9041666984558103,61,54,0
1.9041666984558103,60,53,0
1.9041666984558103,54,78,1
1.9041666984558103,59,86,0
1.9041666984558103,61,62,0
1.9041666984558103,60,120,1
1.9041666984558103,69,53,1
1.9041666984558103,76,66,1
1.9041666984558103,59,58,0
1.9041666984558103,53,49,1
1.9041666984558103,58,88,0
1.9041666984558103,67,66,0
1.9041666984558103,54,96,0
1.9041666984558103,68,58,1
1.9041666984558103,58,89,0
1.9041666984558103,62,76,0
1.9041666984558103,68,92,1
1.9041666984558103,70,57,1
1.9041666984558103,66,42,1
1.9041666984558103,69,59,0
1.9041666984558103,73,122,1
1.9041666984558103,74,52,1
1.9041666984558103,66,43,1
1.9041666984558103,55,94,0
1.9041666984558103,51,81,0
1.9041666984558103,53,30,1
1.9041666984558103,68,76,1
1.9041666984558103,64,68,1
1.9041666984558103,55,77,1
1.9041666984558103,60,40,1
1.9041666984558103,52,80,0
1.9041666984558103,68,63,0
1.9041666984558103,56,94,0
1.9041666984558103,68,52,1
1.9041666984558103,61,53,0
1.9041666984558103,67,64,0
1.9041666984558103,66,46,1
1.9041666984558103,59,84,0
1.9041666984558103,66,44,1
1.9041666984558103,70,90,1
1.9041666984558103,64,49,0
1.9041666984558103,53,80,1
1.9041666984558103,60,64,0
1.9041666984558103,67,48,0
1.9041666984558103,64,69,1
1.9041666984558103,52,81,1
1.9041666984558103,59,97,0
1.9083333015441892,58,89,0
1.9083333015441892,66,66,0
1.9083333015441892,67,64,0
1.9083333015441892,62,76,0
1.9083333015441892,58,88,0
1.9083333015441892,61,78,0
1.9083333015441892,68,63,0
1.9083333015441892,67,65,0
1.9083333015441892,69,61,0
1.9083333015441892,55,77,1
1.9083333015441892,55,95,0
1.9083333015441892,54,78,1
1.9083333015441892,59,86,0
1.9083333015441892,68,62,0
1.9083333015441892,61,79,0
1.9083333015441892,56,74,1
1.9083333015441892,59,85,0
1.9083333015441892,60,81,0
1.9083333015441892,60,82,0
1.9083333015441892,62,53,0
1.9083333015441892,53,79,1
1.9083333015441892,55,76,1
1.9083333015441892,69,60,0
1.912500023841858,60,82,0
1.912500023841858,67,64,0
1.912500023841858,69,60,0
1.912500023841858,62,76,0
1.912500023841858,61,79,0
1.912500023841858,53,79,1
1.912500023841858,68,63,0
1.912500023841858,58,89,0
1.912500023841858,68,62,0
1.912500023841858,55,95,0
1.912500023841858,67,65,0
1.912500023841858,66,66,0
1.912500023841858,69,61,0
1.9166666269302368,60,82,0
1.9166666269302368,66,66,0
1.9166666269302368,68,62,0
1.9166666269302368,69,60,0
1.9166666269302368,61,79,0
1.9166666269302368,68,63,0
1.9166666269302368,55,95,0
1.9166666269302368,69,61,0
1.9166666269302368,58,89,0
1.9208333492279053,61,79,0
1.9208333492279053,66,66,0
1.9208333492279053,68,63,0
1.9208333492279053,60,82,0
1.924999952316284,66,66,0
1.924999952316284,68,63,0
1.924999952316284,61,79,0
1.924999952316284,60,82,0
1.9291666746139529,68,63,0
1.9291666746139529,60,82,0
1.9291666746139529,66,66,0
1.9291666746139529,61,79,0
1.9333332777023315,60,82,0
1.938095211982727,63,51,0
1.938095211982727,66,64,0
1.938095211982727,60,62,0
1.938095211982727,53,28,1
1.938095211982727,50,63,0
1.938095211982727,49,125,0
1.938095211982727,68,49,1
1.938095211982727,64,47,0
1.938095211982727,60,52,0
1.938095211982727,69,55,1
1.938095211982727,57,102,0
1.938095211982727,62,71,1
1.938095211982727,54,77,1
1.938095211982727,59,97,1
1.938095211982727,61,79,0
1.938095211982727,60,47,0
1.938095211982727,60,82,0
1.938095211982727,70,73,1
1.938095211982727,66,48,0
1.938095211982727,60,81,0
1.938095211982727,54,111,0
1.938095211982727,59,65,0
1.938095211982727,64,44,0
1.938095211982727,56,93,0
1.938095211982727,60,83,0
1.938095211982727,68,52,1
1.938095211982727,62,55,0
1.938095211982727,61,57,0
1.938095211982727,62,76,0
1.938095211982727,58,87,0
1.938095211982727,58,88,0
1.938095211982727,57,96,1
1.938095211982727,62,52,0
1.938095211982727,61,63,0
1.938095211982727,58,98,1
1.938095211982727,62,51,0
1.938095211982727,69,60,0
1.938095211982727,55,75,1
1.938095211982727,68,57,1
1.938095211982727,57,91,0
1.938095211982727,66,65,0
1.938095211982727,62,57,0
1.938095211982727,68,53,1
1.938095211982727,69,56,1
1.938095211982727,70,80,1
1.938095211982727,72,68,1
1.938095211982727,62,69,0
1.938095211982727,55,76,1
1.938095211982727,68,61,0
1.938095211982727,59,83,0
1.938095211982727,61,49,0
1.938095211982727,55,27,0
1.938095211982727,65,44,1
1.938095211982727,54,21,1
1.938095211982727,59,22,0
1.938095211982727,56,75,1
1.938095211982727,68,82,1
1.938095211982727,67,63,0
1.938095211982727,67,50,1
1.938095211982727,58,22,0
1.938095211982727,66,66,0
1.938095211982727,60,63,0
1.938095211982727,63,50,0
1.938095211982727,61,59,0
1.938095211982727,61,58,0
1.938095211982727,56,117,1
1.938095211982727,63,44,0
1.938095211982727,69,58,0
1.938095211982727,61,78,0
1.938095211982727,68,50,1
1.938095211982727,70,78,1
1.938095211982727,59,110,1
1.938095211982727,61,48,0
1.938095211982727,68,60,0
1.938095211982727,69,59,0
1.938095211982727,70,72,1
1.938095211982727,55,95,0
1.938095211982727,64,43,0
1.938095211982727,51,70,0
1.938095211982727,74,121,1
1.938095211982727,61,47,0
1.938095211982727,68,51,1
1.938095211982727,54,78,1
1.938095211982727,61,60,0
1.938095211982727,66,27,0
1.938095211982727,61,77,0
1.938095211982727,54,68,1
1.938095211982727,67,64,0
1.938095211982727,64,46,0
1.938095211982727,75,68,1
1.938095211982727,64,45,0
1.938095211982727,70,71,1
1.938095211982727,53,79,1
1.938095211982727,60,80,0
1.938095211982727,61,65,0
1.938095211982727,64,42,0
1.938095211982727,58,86,0
1.938095211982727,57,90,0
1.938095211982727,56,74,1
1.938095211982727,61,45,0
1.938095211982727,67,79,1
1.938095211982727,54,42,1
1.938095211982727,52,81,1
1.938095211982727,60,45,0
1.938095211982727,60,110,1
1.938095211982727,58,97,1
1.938095211982727,57,116,1
1.938095211982727,68,62,0
1.938095211982727,50,62,0
1.938095211982727,59,85,0
1.938095211982727,59,84,0
1.9428571462631223,69,55,1
1.9428571462631223,61,78,0
1.9428571462631223,55,75,1
1.9428571462631223,54,78,1
1.9428571462631223,60,80,0
1.9428571462631223,57,91,0
1.9428571462631223,66,66,0
1.9428571462631223,67,64,0
1.9428571462631223,66,65,0
1.9428571462631223,67,63,0
1.9428571462631223,59,84,0
1.9428571462631223,60,81,0
1.9428571462631223,60,82,0
1.9428571462631223,64,46,0
1.9428571462631223,56,93,0
1.9428571462631223,53,79,1
1.9428571462631223,58,88,0
1.9428571462631223,69,59,0
1.9428571462631223,59,85,0
1.9428571462631223,61,77,0
1.9428571462631223,55,76,1
1.9428571462631223,61,79,0
1.9428571462631223,68,62,0
1.9428571462631223,56,74,1
1.9428571462631223,54,77,1
1.9428571462631223,68,61,0
1.947619080543518,59,85,0
1.947619080543518,67,63,0
1.947619080543518,57,91,0
1.947619080543518,69,59,0
1.947619080543518,60,82,0
1.947619080543518,53,79,1
1.947619080543518,61,79,0
1.947619080543518,61,78,0
1.947619080543518,68,61,0
1.947619080543518,67,64,0
1.947619080543518,55,75,1
1.947619080543518,54,77,1
1.947619080543518,68,62,0
1.947619080543518,66,65,0
1.9523810148239136,68,62,0
1.9523810148239136,54,77,1
1.9523810148239136,53,79,1
1.9523810148239136,59,85,0
1.9523810148239136,67,64,0
1.9523810148239136,60,82,0
1.9523810148239136,55,75,1
1.9523810148239136,66,65,0
1.9523810148239136,68,61,0
1.9571428298950195,67,64,0
1.9571428298950195,68,62,0
1.9571428298950195,54,77,1
1.9571428298950195,60,82,0
1.9571428298950195,53,79,1
1.9571428298950195,59,85,0
1.961904764175415,68,62,0
1.961904764175415,54,77,1
1.961904764175415,67,64,0
1.9666666984558103,68,62,0
1.9733333587646484,59,66,0
1.9733333587646484,63,71,1
1.9733333587646484,67,71,1
1.9733333587646484,62,34,0
1.9733333587646484,52,63,0
1.9733333587646484,64,68,1
1.9733333587646484,56,74,1
1.9733333587646484,60,81,0
1.9733333587646484,47,120,1
1.9733333587646484,56,93,0
1.9733333587646484,59,85,0
1.9733333587646484,55,76,1
1.9733333587646484,61,50,0
1.9733333587646484,64,43,0
1.9733333587646484,60,64,0
1.9733333587646484,66,67,0
1.9733333587646484,60,56,0
1.9733333587646484,48,117,1
1.9733333587646484,61,23,0
1.9733333587646484,59,57,0
1.9733333587646484,55,75,1
1.9733333587646484,69,78,1
1.9733333587646484,58,87,0
1.9733333587646484,63,46,0
1.9733333587646484,58,18,1
1.9733333587646484,58,118,0
1.9733333587646484,62,44,0
1.9733333587646484,61,55,0
1.9733333587646484,60,79,0
1.9733333587646484,62,63,0
1.9733333587646484,53,80,1
1.9733333587646484,57,99,1
1.9733333587646484,69,96,1
1.9733333587646484,60,16,1
1.9733333587646484,60,57,0
1.9733333587646484,61,54,0
1.9733333587646484,63,47,0
1.9733333587646484,69,61,1
1.9733333587646484,63,48,0
1.9733333587646484,62,52,0
1.9733333587646484,63,49,0
1.9733333587646484,65,41,0
1.9733333587646484,56,17,1
1.9733333587646484,59,83,0
1.9733333587646484,62,46,0
1.9733333587646484,69,95,1
1.9733333587646484,66,64,0
1.9733333587646484,61,53,0
1.9733333587646484,64,41,0
1.9733333587646484,62,48,0
1.9733333587646484,69,56,1
1.9733333587646484,53,79,1
1.9733333587646484,59,82,0
1.9733333587646484,51,99,0
1.9733333587646484,63,42,0
1.9733333587646484,57,90,0
1.9733333587646484,61,78,0
1.9733333587646484,69,55,1
1.9733333587646484,50,61,0
1.9733333587646484,61,76,0
1.9733333587646484,54,77,1
1.9733333587646484,60,80,0
1.9733333587646484,54,44,1
1.9733333587646484,53,34,1
1.9733333587646484,64,67,1
1.9733333587646484,68,61,0
1.9733333587646484,54,78,1
1.9733333587646484,75,55,1
1.9733333587646484,68,63,0
1.9733333587646484,59,16,1
1.9733333587646484,51,76,0
1.9733333587646484,62,51,0
1.9733333587646484,67,62,0
1.9733333587646484,54,79,1
1.9733333587646484,67,56,1
1.9733333587646484,63,80,0
1.9733333587646484,52,79,0
1.9733333587646484,62,50,0
1.9733333587646484,74,123,1
1.9733333587646484,64,42,0
1.9733333587646484,63,79,0
1.9733333587646484,68,51,1
1.9733333587646484,69,58,0
1.9733333587646484,58,88,0
1.9733333587646484,67,50,1
1.9733333587646484,51,70,0
1.9733333587646484,69,54,1
1.9733333587646484,63,23,1
1.9733333587646484,67,49,1
1.9733333587646484,64,69,1
1.9733333587646484,60,61,0
1.9733333587646484,60,120,0
1.9733333587646484,55,95,0
1.9733333587646484,67,64,0
1.9733333587646484,66,65,0
1.9733333587646484,60,59,0
1.9733333587646484,56,16,1
1.9733333587646484,57,91,0
1.9733333587646484,61,77,0
1.9733333587646484,56,92,0
1.9733333587646484,63,45,0
1.9733333587646484,61,56,0
1.9733333587646484,53,59,1
1.9733333587646484,55,94,0
1.9733333587646484,52,78,0
1.9733333587646484,61,31,1
1.9733333587646484,68,52,1
1.9733333587646484,47,117,0
1.9733333587646484,53,63,0
1.9733333587646484,67,78,0
1.9733333587646484,52,77,0
1.9733333587646484,68,60,0
1.9733333587646484,66,47,0
1.9733333587646484,59,84,0
1.9733333587646484,63,43,0
1.9733333587646484,67,63,0
1.9800000190734863,69,58,0
1.9800000190734863,61,78,0
1.9800000190734863,66,64,0
1.9800000190734863,69,95,1
1.9800000190734863,55,75,1
1.9800000190734863,56,93,0
1.9800000190734863,60,81,0
1.9800000190734863,61,77,0
1.9800000190734863,67,62,0
1.9800000190734863,69,96,1
1.9800000190734863,59,85,0
1.9800000190734863,54,77,1
1.9800000190734863,67,63,0
1.9800000190734863,57,91,0
1.9800000190734863,68,60,0
1.9800000190734863,66,65,0
1.9800000190734863,59,83,0
1.9800000190734863,50,61,0
1.9800000190734863,68,61,0
1.9800000190734863,58,88,0
1.986666679382324,67,63,0
1.986666679382324,59,85,0
1.986666679382324,61,78,0
1.986666679382324,54,77,1
1.986666679382324,55,75,1
1.986666679382324,66,65,0
1.986666679382324,68,61,0
1.986666679382324,68,60,0
1.986666679382324,58,88,0
1.986666679382324,57,91,0
1.986666679382324,60,81,0
1.986666679382324,69,96,1
1.993333339691162,55,75,1
1.993333339691162,58,88,0
1.993333339691162,67,63,0
1.993333339691162,66,65,0
1.993333339691162,60,81,0
1.993333339691162,61,78,0
1.993333339691162,68,61,0
2.0,68,61,0
2.0,60,81,0
2.0,67,63,0
2.004166603088379,61,76,0
2.004166603088379,65,44,0
2.004166603088379,53,124,0
2.004166603088379,68,60,0
2.004166603088379,63,44,0
2.004166603088379,63,49,0
2.004166603088379,60,32,1
2.004166603088379,46,123,1
2.004166603088379,58,88,0
2.004166603088379,61,78,0
2.004166603088379,68,59,0
2.004166603088379,65,46,0
2.004166603088379,50,64,0
2.004166603088379,63,43,0
2.004166603088379,68,56,1
2.004166603088379,60,54,0
2.004166603088379,60,68,0
2.004166603088379,67,48,1
2.004166603088379,58,110,1
2.004166603088379,51,78,0
2.004166603088379,63,76,0
2.004166603088379,59,52,0
2.004166603088379,54,20,1
2.004166603088379,65,42,0
2.004166603088379,68,52,1
2.004166603088379,56,74,1
2.004166603088379,61,46,0
2.004166603088379,68,61,0
2.004166603088379,53,79,1
2.004166603088379,54,78,1
2.004166603088379,67,63,0
2.004166603088379,60,63,0
2.004166603088379,60,60,0
2.004166603088379,57,89,0
2.004166603088379,67,97,1
2.004166603088379,67,49,1
2.004166603088379,61,88,1
2.004166603088379,67,62,0
2.004166603088379,58,87,0
2.004166603088379,59,82,0
2.004166603088379,65,48,0
2.004166603088379,59,64,0
2.004166603088379,70,125,1
2.004166603088379,60,87,1
2.004166603088379,63,42,0
2.004166603088379,57,91,0
2.004166603088379,59,83,0
2.004166603088379,67,61,0
2.004166603088379,57,24,0
2.004166603088379,60,81,0
2.004166603088379,60,79,0
2.004166603088379,65,43,0
2.004166603088379,66,64,0
2.004166603088379,53,25,1
2.004166603088379,66,63,0
2.004166603088379,61,77,0
2.004166603088379,57,16,1
2.004166603088379,59,85,0
2.004166603088379,59,84,0
2.004166603088379,58,101,1
2.004166603088379,69,55,1
2.004166603088379,55,77,1
2.004166603088379,55,50,0
2.004166603088379,53,78,1
2.004166603088379,60,82,0
2.004166603088379,65,45,0
2.004166603088379,55,76,1
2.004166603088379,62,47,0
2.004166603088379,58,16,1
2.004166603088379,59,101,1
2.004166603088379,55,75,1
2.004166603088379,54,77,1
2.004166603088379,64,41,0
2.004166603088379,60,80,0
2.004166603088379,65,47,0
2.008333206176758,57,91,0
2.008333206176758,59,85,0
2.008333206176758,64,41,0
2.008333206176758,67,62,0
2.008333206176758,67,63,0
2.008333206176758,61,78,0
2.008333206176758,58,88,0
2.008333206176758,65,45,0
2.008333206176758,66,64,0
2.008333206176758,65,44,0
2.008333206176758,59,84,0
2.008333206176758,68,59,0
2.008333206176758,60,81,0
2.008333206176758,68,60,0
2.008333206176758,61,77,0
2.008333206176758,55,75,1
2.012500047683716,66,64,0
2.012500047683716,58,88,0
2.012500047683716,60,81,0
2.012500047683716,67,63,0
2.012500047683716,61,78,0
2.012500047683716,67,62,0
2.012500047683716,68,60,0
2.0166666507720947,66,64,0
2.0166666507720947,68,60,0
2.0208332538604736,68,60,0
2.0249998569488525,68,60,0
2.0291666984558105,68,60,0
2.033333301544189,68,60,0
2.038888931274414,69,54,1
2.038888931274414,63,42,0
2.038888931274414,52,81,1
2.038888931274414,73,71,1
2.038888931274414,55,75,1
2.038888931274414,60,81,0
2.038888931274414,65,46,0
2.038888931274414,52,97,1
2.038888931274414,57,122,1
2.038888931274414,65,44,0
2.038888931274414,66,92,1
2.038888931274414,55,76,1
2.038888931274414,60,55,0
2.038888931274414,54,76,1
2.038888931274414,74,70,1
2.038888931274414,63,45,0
2.038888931274414,61,61,0
2.038888931274414,49,98,1
2.038888931274414,73,72,1
2.038888931274414,71,79,1
2.038888931274414,62,116,1
2.038888931274414,70,72,1
2.038888931274414,59,82,0
2.038888931274414,65,40,1
2.038888931274414,69,83,1
2.038888931274414,68,59,0
2.038888931274414,56,74,1
2.038888931274414,63,44,0
2.038888931274414,54,77,1
2.038888931274414,51,116,1
2.038888931274414,66,115,1
2.038888931274414,67,55,1
2.038888931274414,50,99,1
2.038888931274414,66,28,0
2.038888931274414,55,116,1
2.038888931274414,59,65,0
2.038888931274414,61,77,0
2.038888931274414,60,126,1
2.038888931274414,51,99,0
2.038888931274414,68,60,0
2.038888931274414,57,110,1
2.038888931274414,60,78,0
2.038888931274414,60,80,0
2.038888931274414,70,76,1
2.038888931274414,66,65,0
2.038888931274414,58,101,0
2.038888931274414,60,79,0
2.038888931274414,63,46,0
2.038888931274414,67,58,1
2.038888931274414,60,15,1
2.038888931274414,67,62,0
2.038888931274414,70,80,1
2.038888931274414,59,83,0
2.038888931274414,70,74,1
2.038888931274414,58,86,0
2.038888931274414,62,45,0
2.038888931274414,63,41,0
2.038888931274414,59,100,0
2.038888931274414,57,96,1
2.038888931274414,59,84,0
2.038888931274414,66,64,0
2.038888931274414,57,90,0
2.038888931274414,53,79,1
2.038888931274414,54,96,0
2.038888931274414,71,62,1
2.038888931274414,61,105,1
2.038888931274414,69,81,1
2.038888931274414,67,61,0
2.038888931274414,68,86,1
2.038888931274414,60,62,0
2.038888931274414,59,101,0
2.038888931274414,64,67,1
2.038888931274414,66,91,1
2.038888931274414,59,99,0
2.038888931274414,49,102,1
2.038888931274414,67,50,1
2.038888931274414,56,93,0
2.038888931274414,62,50,0
2.038888931274414,67,76,1
2.038888931274414,66,63,0
2.038888931274414,54,46,0
2.038888931274414,58,88,0
2.038888931274414,53,78,1
2.038888931274414,65,45,0
2.038888931274414,57,101,1
2.038888931274414,68,58,0
2.038888931274414,67,102,1
2.0444445610046387,55,75,1
2.0444445610046387,56,93,0
2.0444445610046387,67,61,0
2.0444445610046387,59,84,0
2.0444445610046387,68,60,0
2.0444445610046387,67,62,0
2.0444445610046387,68,58,0
2.0444445610046387,61,77,0
2.0444445610046387,68,59,0
2.0444445610046387,65,45,0
2.0444445610046387,66,63,0
2.0444445610046387,54,77,1
2.0444445610046387,66,64,0
2.0444445610046387,65,46,0
2.0444445610046387,60,80,0
2.049999952316284,67,62,0
2.049999952316284,66,64,0
2.049999952316284,61,77,0
2.049999952316284,68,59,0
2.049999952316284,59,84,0
2.049999952316284,65,45,0
2.055555582046509,67,62,0
2.055555582046509,59,84,0
2.055555582046509,61,77,0
2.0611109733581543,67,62,0
2.066666603088379,67,62,0
2.073333263397217,51,70,0
2.073333263397217,51,77,0
2.073333263397217,58,99,1
2.073333263397217,59,81,0
2.073333263397217,62,43,0
2.073333263397217,74,122,1
2.073333263397217,49,116,1
2.073333263397217,59,84,0
2.073333263397217,60,31,1
2.073333263397217,56,73,1
2.073333263397217,63,116,1
2.073333263397217,66,64,0
2.073333263397217,61,77,0
2.073333263397217,60,80,0
2.073333263397217,53,49,1
2.073333263397217,58,85,0
2.073333263397217,55,74,1
2.073333263397217,51,115,1
2.073333263397217,60,59,0
2.073333263397217,59,64,0
2.073333263397217,59,83,0
2.073333263397217,56,93,0
2.073333263397217,66,48,1
2.073333263397217,54,76,1
2.073333263397217,67,52,1
2.073333263397217,61,32,1
2.073333263397217,55,75,1
2.073333263397217,57,91,0
2.073333263397217,67,61,0
2.073333263397217,61,115,1
2.073333263397217,50,66,0
2.073333263397217,60,19,1
2.073333263397217,66,56,1
2.073333263397217,67,60,0
2.073333263397217,54,52,0
2.073333263397217,50,105,1
2.073333263397217,59,53,0
2.073333263397217,50,114,1
2.073333263397217,55,127,1
2.073333263397217,59,110,0
2.073333263397217,55,19,1
2.073333263397217,68,55,1
2.073333263397217,67,94,0
2.073333263397217,66,34,0
2.073333263397217,54,49,0
2.073333263397217,61,45,0
2.073333263397217,67,51,1
2.073333263397217,68,58,0
2.073333263397217,65,105,1
2.073333263397217,53,79,1
2.073333263397217,56,25,0
2.073333263397217,53,78,1
2.073333263397217,53,24,1
2.073333263397217,62,49,0
2.073333263397217,56,18,1
2.073333263397217,61,36,0
2.073333263397217,70,81,1
2.073333263397217,55,46,1
2.073333263397217,68,59,0
2.073333263397217,61,76,0
2.073333263397217,51,80,0
2.073333263397217,50,60,0
2.073333263397217,65,106,1
2.073333263397217,52,79,0
2.073333263397217,61,52,0
2.073333263397217,50,116,1
2.073333263397217,59,63,0
2.073333263397217,68,57,0
2.073333263397217,71,121,1
2.073333263397217,66,63,0
2.073333263397217,60,79,0
2.073333263397217,55,95,0
2.073333263397217,50,64,0
2.073333263397217,64,66,1
2.073333263397217,55,126,0
2.073333263397217,50,63,0
2.073333263397217,63,24,1
2.073333263397217,62,119,1
2.073333263397217,56,127,1
2.073333263397217,62,55,0
2.073333263397217,64,68,1
2.073333263397217,67,62,0
2.073333263397217,66,49,1
2.073333263397217,58,87,0
2.073333263397217,68,53,1
2.073333263397217,65,42,1
2.073333263397217,51,71,0
2.073333263397217,51,99,1
2.073333263397217,65,70,0
2.073333263397217,53,80,1
2.073333263397217,58,88,0
2.073333263397217,52,78,0
2.0799999237060547,60,80,0
2.0799999237060547,66,64,0
2.0799999237060547,67,61,0
2.0799999237060547,68,59,0
2.0799999237060547,59,84,0
2.0799999237060547,54,76,1
2.0799999237060547,55,74,1
2.0799999237060547,61,77,0
2.0866665840148926,68,59,0
2.0866665840148926,61,77,0
2.0866665840148926,55,74,1
2.0933332443237305,55,74,1
2.0933332443237305,68,59,0
2.0933332443237305,61,77,0
2.0999999046325684,55,74,1
2.0999999046325684,68,59,0
2.1083333492279053,54,78,1
2.1083333492279053,68,54,1
2.1083333492279053,53,60,1
2.1083333492279053,67,54,1
2.1083333492279053,61,48,0
2.1083333492279053,60,20,1
2.1083333492279053,53,42,0
2.1083333492279053,64,47,0
2.1083333492279053,62,44,0
2.1083333492279053,68,57,0
2.1083333492279053,67,60,0
2.1083333492279053,62,37,0
2.1083333492279053,60,83,1
2.1083333492279053,64,48,0
2.1083333492279053,60,80,0
2.1083333492279053,68,55,1
2.1083333492279053,63,41,0
2.1083333492279053,71,80,1
2.1083333492279053,49,105,1
2.1083333492279053,60,58,0
2.1083333492279053,59,15,1
2.1083333492279053,63,70,1
2.1083333492279053,69,91,1
2.1083333492279053,70,77,1
2.1083333492279053,66,76,1
2.1083333492279053,45,127,1
2.1083333492279053,61,102,0
2.1083333492279053,73,66,1
2.1083333492279053,66,63,0
2.1083333492279053,49,97,1
2.1083333492279053,70,69,1
2.1083333492279053,59,62,0
2.1083333492279053,62,23,0
2.1083333492279053,68,93,1
2.1083333492279053,61,108,1
2.1083333492279053,53,78,1
2.1083333492279053,70,70,1
2.1083333492279053,69,56,1
2.1083333492279053,53,125,1
2.1083333492279053,53,41,0
2.1083333492279053,68,58,0
2.1083333492279053,52,80,1
2.1083333492279053,51,99,1
2.1083333492279053,54,76,1
2.1083333492279053,54,45,0
2.1083333492279053,67,50,1
2.1083333492279053,60,110,0
2.1083333492279053,73,123,0
2.1083333492279053,61,47,0
2.1083333492279053,61,51,0
2.1083333492279053,60,116,1
2.1083333492279053,50,61,0
2.1083333492279053,64,116,1
2.1083333492279053,61,49,0
2.1083333492279053,69,61,1
2.1083333492279053,67,57,1
2.1083333492279053,55,74,1
2.1083333492279053,60,61,0
2.1083333492279053,51,70,0
2.1083333492279053,61,57,0
2.1083333492279053,60,48,0
2.1083333492279053,50,123,0
2.1083333492279053,62,76,1
2.1083333492279053,53,36,1
2.1083333492279053,54,77,1
2.1083333492279053,50,62,0
2.1083333492279053,61,58,0
2.1083333492279053,63,103,1
2.1083333492279053,62,21,0
2.1083333492279053,59,84,0
2.1083333492279053,61,50,0
2.1083333492279053,59,54,0
2.1083333492279053,61,20,1
2.1083333492279053,66,117,1
2.1083333492279053,50,68,0
2.1083333492279053,51,73,0
2.1083333492279053,53,50,1
2.1083333492279053,58,65,0
2.1083333492279053,68,79,1
2.1083333492279053,67,61,0
2.1083333492279053,54,69,1
2.1083333492279053,54,22,1
2.1083333492279053,52,79,0
2.1083333492279053,68,94,1
2.1083333492279053,67,51,1
2.1083333492279053,63,127,0
2.1083333492279053,60,60,0
2.1083333492279053,51,72,0
2.116666793823242,67,61,0
2.116666793823242,59,84,0
2.116666793823242,66,63,0
2.116666793823242,68,58,0
2.116666793823242,53,78,1
2.116666793823242,60,80,0
2.125,66,63,0
2.125,60,80,0
2.125,67,61,0
2.133333444595337,67,61,0
2.144444465637207,60,80,0
2.144444465637207,62,48,0
2.144444465637207,69,61,1
2.144444465637207,63,34,1
2.144444465637207,52,78,0
2.144444465637207,52,76,0
2.144444465637207,64,43,1
2.144444465637207,63,35,0
2.144444465637207,62,46,0
2.144444465637207,53,51,1
2.144444465637207,65,47,1
2.144444465637207,53,78,1
2.144444465637207,54,50,0
2.144444465637207,59,82,0
2.144444465637207,55,49,0
2.144444465637207,69,94,1
2.144444465637207,67,61,0
2.144444465637207,50,60,0
2.144444465637207,64,44,1
2.144444465637207,67,111,1
2.144444465637207,66,55,1
2.144444465637207,66,76,0
2.144444465637207,58,88,0
2.144444465637207,63,127,0
2.144444465637207,68,58,0
2.144444465637207,60,77,0
2.144444465637207,55,74,1
2.144444465637207,73,65,1
2.144444465637207,70,98,1
2.144444465637207,60,23,0
2.144444465637207,68,53,1
2.144444465637207,60,79,0
2.144444465637207,66,63,0
2.144444465637207,67,62,0
2.144444465637207,57,97,1
2.144444465637207,68,57,0
2.144444465637207,57,124,1
2.144444465637207,66,26,0
2.144444465637207,67,60,0
2.144444465637207,51,99,1
2.144444465637207,60,78,0
2.144444465637207,54,76,1
2.144444465637207,65,48,1
2.144444465637207,52,77,0
2.144444465637207,66,62,0
2.144444465637207,63,84,1
2.144444465637207,54,51,0
2.144444465637207,63,40,0
2.144444465637207,58,24,0
2.144444465637207,61,45,0
2.144444465637207,66,39,1
2.144444465637207,62,45,0
2.144444465637207,59,83,0
2.144444465637207,59,84,0
2.144444465637207,61,23,0
2.144444465637207,56,24,0
2.155555725097656,66,63,0
2.155555725097656,67,61,0
2.155555725097656,68,58,0
2.155555725097656,54,76,1
2.1666667461395264,68,58,0
2.1666667461395264,66,63,0
2.1666667461395264,67,61,0
2.183333396911621,72,74,1
2.183333396911621,59,81,0
2.183333396911621,52,79,0
2.183333396911621,67,60,0
2.183333396911621,68,58,0
2.183333396911621,61,76,0
2.183333396911621,56,92,0
2.183333396911621,63,69,1
2.183333396911621,66,62,0
2.183333396911621,66,29,0
2.183333396911621,66,49,1
2.183333396911621,66,64,0
2.183333396911621,49,98,1
2.183333396911621,56,26,0
2.183333396911621,60,80,0
2.183333396911621,68,56,0
2.183333396911621,67,115,0
2.183333396911621,52,76,1
2.183333396911621,59,83,0
2.183333396911621,50,60,1
2.183333396911621,68,55,1
2.183333396911621,67,92,1
2.183333396911621,66,63,0
2.183333396911621,55,74,1
2.183333396911621,51,79,0
2.183333396911621,55,75,1
2.183333396911621,54,76,1
2.183333396911621,64,42,1
2.183333396911621,68,80,1
2.183333396911621,50,63,0
2.183333396911621,58,87,0
2.183333396911621,66,119,0
2.183333396911621,62,42,0
2.183333396911621,58,86,0
2.183333396911621,55,35,1
2.183333396911621,68,57,0
2.183333396911621,67,51,1
2.183333396911621,66,93,1
2.183333396911621,53,79,1
2.200000047683716,54,76,1
2.2333333492279053,70,91,1
2.2333333492279053,54,51,0
2.2333333492279053,59,82,0
2.2333333492279053,61,60,0
2.2333333492279053,53,49,1
2.2333333492279053,70,86,1
2.2333333492279053,62,35,0
2.2333333492279053,56,32,1
2.2333333492279053,60,79,0
2.2333333492279053,72,121,1
2.2333333492279053,48,116,0
2.2333333492279053,54,47,0
2.2333333492279053,68,81,1
2.2333333492279053,64,45,1
2.2333333492279053,66,48,1
2.2333333492279053,56,124,1
2.2333333492279053,61,22,0
2.2333333492279053,52,79,0
2.2333333492279053,57,90,0
2.2333333492279053,57,89,0
2.2333333492279053,53,78,1
2.2333333492279053,67,60,0
2.2333333492279053,68,68,1
2.2333333492279053,70,82,1
2.2333333492279053,70,89,1
2.2333333492279053,65,51,1
2.2333333492279053,70,87,1
2.2333333492279053,53,50,1
2.2333333492279053,71,78,1
2.2333333492279053,71,83,1
2.2333333492279053,62,76,0
2.2333333492279053,53,43,0
2.2333333492279053,70,88,1
2.2333333492279053,60,22,0
2.2333333492279053,59,83,0
2.2333333492279053,54,77,1
2.2333333492279053,71,69,1
2.2333333492279053,53,60,1
2.2333333492279053,57,32,1
2.2333333492279053,55,46,1
2.2333333492279053,54,68,1
2.2333333492279053,53,59,1
2.2333333492279053,59,61,0
2.2333333492279053,53,51,1
2.2333333492279053,50,65,0
2.2333333492279053,70,81,1
2.2333333492279053,71,82,1
2.2333333492279053,71,70,1
2.2333333492279053,68,54,1
2.2333333492279053,60,74,1
2.2666666507720947,50,61,0
2.2666666507720947,58,23,0
2.2666666507720947,55,48,1
2.2666666507720947,54,23,1
2.2666666507720947,50,60,0
2.2666666507720947,59,24,0
2.2666666507720947,58,85,0
2.2666666507720947,59,94,1
2.2666666507720947,57,37,0
2.2666666507720947,69,62,0
2.2666666507720947,67,52,1
2.2666666507720947,69,127,1
2.2666666507720947,49,98,0
2.2666666507720947,59,23,0
2.2666666507720947,62,47,0
2.2666666507720947,51,123,0
2.2666666507720947,50,62,0
2.299999952316284,73,59,1
2.299999952316284,50,98,1
2.299999952316284,62,76,1
2.299999952316284,56,75,1
2.299999952316284,55,26,0
2.299999952316284,60,73,1
2.299999952316284,65,115,1
2.299999952316284,61,124,1
2.299999952316284,55,47,1
2.299999952316284,70,53,1
2.299999952316284,66,59,1
2.299999952316284,68,83,1
2.299999952316284,64,103,1
2.299999952316284,63,85,1
2.299999952316284,55,20,1
2.299999952316284,55,50,0
2.299999952316284,57,24,0
2.299999952316284,71,50,1
2.299999952316284,65,41,1
2.299999952316284,61,93,1
2.3333332538604736,62,22,0
2.3333332538604736,66,25,0
2.3333332538604736,65,108,1
2.3333332538604736,64,19,0
2.3333332538604736,62,76,0
2.3333332538604736,72,119,1
2.3333332538604736,69,96,0
2.3333332538604736,57,20,1
2.3333332538604736,54,45,1
2.3333332538604736,64,27,1
2.3333332538604736,55,117,1
2.3333332538604736,69,85,1
2.3333332538604736,50,61,1
2.3333332538604736,69,95,0
2.3333332538604736,62,102,1
2.3333332538604736,64,74,0
2.366666555404663,62,75,0
2.366666555404663,56,99,1
2.366666555404663,55,50,0
2.366666555404663,52,52,0
2.366666555404663,69,96,0
2.366666555404663,52,79,1
2.366666555404663,49,110,1
2.366666555404663,57,19,1
2.366666555404663,54,127,1
2.366666555404663,62,76,0
2.366666555404663,64,49,0
2.366666555404663,54,76,0
2.366666555404663,49,121,1
2.366666555404663,65,32,1
2.366666555404663,56,100,1
2.366666555404663,65,22,0
2.366666555404663,69,61,0
2.3999998569488525,51,123,1
2.3999998569488525,61,108,0
2.3999998569488525,63,104,0
2.3999998569488525,55,50,1
2.3999998569488525,61,84,1
2.3999998569488525,49,111,1
2.3999998569488525,53,125,0
2.3999998569488525,63,127,1
2.3999998569488525,54,50,0
2.3999998569488525,56,93,0
2.3999998569488525,47,122,1
2.3999998569488525,55,28,0
2.3999998569488525,55,29,0
2.3999998569488525,62,76,0
2.3999998569488525,64,73,0
2.3999998569488525,69,95,1
2.433333396911621,51,121,1
2.433333396911621,69,91,0
2.433333396911621,52,79,0
2.433333396911621,71,67,1
2.433333396911621,58,103,1
2.433333396911621,69,97,1
2.433333396911621,68,44,1
2.433333396911621,68,56,0
2.433333396911621,64,107,1
2.433333396911621,68,87,1
2.433333396911621,54,44,0
2.433333396911621,55,94,0
2.433333396911621,67,61,1
2.433333396911621,55,46,0
2.433333396911621,54,45,1
2.433333396911621,69,96,0
2.433333396911621,54,76,1
2.433333396911621,68,84,1
2.433333396911621,58,88,0
2.433333396911621,61,76,0
2.433333396911621,63,105,1
2.433333396911621,64,26,1
2.433333396911621,51,74,0
2.433333396911621,52,80,1
2.433333396911621,55,48,0
2.433333396911621,74,57,1
2.433333396911621,56,93,0
2.450000047683716,58,66,0
2.450000047683716,69,61,0
2.450000047683716,52,50,0
2.450000047683716,57,90,0
2.450000047683716,67,108,1
2.450000047683716,61,77,0
2.450000047683716,69,97,1
2.450000047683716,55,74,1
2.450000047683716,59,83,0
2.450000047683716,58,87,0
2.4666666984558105,59,83,0
2.4833333492279053,67,59,0
2.4833333492279053,56,123,1
2.4833333492279053,65,70,0
2.4833333492279053,54,96,0
2.4833333492279053,56,111,1
2.4833333492279053,55,46,0
2.4833333492279053,53,78,1
2.4833333492279053,67,114,1
2.4833333492279053,60,78,0
2.4833333492279053,55,74,1
2.4833333492279053,55,73,1
2.4833333492279053,63,75,0
2.4833333492279053,50,59,0
2.4833333492279053,52,117,0
2.4833333492279053,67,115,1
2.4833333492279053,53,98,0
2.4833333492279053,55,95,0
2.4833333492279053,58,118,1
2.4833333492279053,58,87,0
2.4833333492279053,63,127,1
2.4833333492279053,56,93,0
2.4833333492279053,64,65,1
2.4833333492279053,57,112,1
2.4833333492279053,53,99,0
2.4833333492279053,66,83,1
2.4833333492279053,56,98,1
2.4833333492279053,60,79,0
2.4833333492279053,61,108,1
2.4833333492279053,57,106,1
2.4833333492279053,68,57,0
2.4833333492279053,59,83,0
2.4833333492279053,54,111,1
2.4833333492279053,55,75,1
2.4833333492279053,60,77,0
2.4833333492279053,57,90,0
2.4833333492279053,54,76,1
2.4833333492279053,66,97,0
2.4833333492279053,61,76,0
2.4833333492279053,64,124,1
2.4833333492279053,62,76,0
2.4833333492279053,64,18,0
2.4833333492279053,63,67,1
2.4833333492279053,63,68,1
2.5,60,79,0
2.5,58,87,0
2.5,59,83,0
2.508333444595337,51,70,0
2.508333444595337,54,49,0
2.508333444595337,58,86,0
2.508333444595337,59,83,0
2.508333444595337,56,73,1
2.508333444595337,51,75,0
2.508333444595337,59,19,1
2.508333444595337,59,64,0
2.508333444595337,59,81,0
2.508333444595337,65,21,0
2.508333444595337,61,69,0
2.508333444595337,49,98,1
2.508333444595337,53,79,1
2.508333444595337,64,66,1
2.508333444595337,68,99,1
2.508333444595337,68,78,1
2.508333444595337,65,122,1
2.508333444595337,59,100,1
2.508333444595337,65,46,1
2.508333444595337,59,73,1
2.508333444595337,68,57,0
2.508333444595337,64,47,1
2.508333444595337,56,92,0
2.508333444595337,57,124,0
2.508333444595337,59,67,0
2.508333444595337,51,123,1
2.508333444595337,66,63,0
2.508333444595337,52,110,1
2.508333444595337,60,79,0
2.508333444595337,52,79,0
2.508333444595337,66,62,0
2.508333444595337,58,85,0
2.508333444595337,71,77,1
2.508333444595337,60,78,0
2.508333444595337,54,76,1
2.508333444595337,67,60,0
2.508333444595337,55,47,1
2.508333444595337,58,84,0
2.508333444595337,60,110,1
2.508333444595337,52,78,0
2.508333444595337,55,73,1
2.508333444595337,67,96,1
2.508333444595337,60,84,1
2.508333444595337,59,99,1
2.508333444595337,54,69,1
2.508333444595337,49,97,1
2.508333444595337,65,53,1
2.508333444595337,68,56,0
2.508333444595337,58,87,0
2.508333444595337,54,77,1
2.508333444595337,52,80,1
2.508333444595337,57,90,0
2.508333444595337,59,82,0
2.508333444595337,57,89,0
2.508333444595337,61,123,1
2.508333444595337,61,54,0
2.5166666507720947,59,83,0
2.5166666507720947,60,79,0
2.5166666507720947,58,87,0
2.5166666507720947,67,60,0
2.5166666507720947,51,70,0
2.5166666507720947,59,82,0
2.5166666507720947,51,123,1
2.5166666507720947,57,90,0
2.525000095367432,58,87,0
2.525000095367432,59,83,0
2.525000095367432,60,79,0
2.533333301544189,59,83,0
2.5416667461395264,59,81,0
2.5416667461395264,66,62,0
2.5416667461395264,69,96,0
2.5416667461395264,59,100,0
2.5416667461395264,59,59,0
2.5416667461395264,64,46,1
2.5416667461395264,70,88,0
2.5416667461395264,61,42,0
2.5416667461395264,55,97,1
2.5416667461395264,65,49,1
2.5416667461395264,54,75,1
2.5416667461395264,68,57,0
2.5416667461395264,59,80,0
2.5416667461395264,57,88,0
2.5416667461395264,60,79,0
2.5416667461395264,67,60,0
2.5416667461395264,59,83,0
2.5416667461395264,59,63,0
2.5416667461395264,68,97,1
2.5416667461395264,54,36,0
2.5416667461395264,53,78,1
2.5416667461395264,55,73,1
2.5416667461395264,54,34,0
2.5416667461395264,49,114,1
2.5416667461395264,56,126,1
2.5416667461395264,63,25,1
2.5416667461395264,60,34,1
2.5416667461395264,74,68,1
2.5416667461395264,66,74,1
2.5416667461395264,63,66,1
2.5416667461395264,67,59,0
2.5416667461395264,58,87,0
2.5416667461395264,62,45,1
2.5416667461395264,63,70,1
2.5416667461395264,69,95,0
2.5416667461395264,60,78,0
2.5416667461395264,49,104,1
2.5416667461395264,68,56,0
2.5416667461395264,69,76,1
2.5416667461395264,60,57,0
2.5416667461395264,51,99,1
2.5416667461395264,53,124,1
2.5416667461395264,50,121,1
2.5416667461395264,55,94,0
2.5416667461395264,59,82,0
2.5416667461395264,66,61,0
2.5416667461395264,72,61,1
2.5416667461395264,56,91,0
2.5416667461395264,64,28,1
2.5416667461395264,55,74,1
2.5416667461395264,67,78,1
2.5416667461395264,69,77,1
2.5416667461395264,67,66,1
2.5416667461395264,54,76,1
2.5416667461395264,65,31,1
2.5416667461395264,57,90,0
2.5416667461395264,67,56,1
2.5416667461395264,62,107,0
2.5416667461395264,58,86,0
2.5416667461395264,60,77,0
2.5416667461395264,61,125,1
2.549999952316284,58,87,0
2.549999952316284,66,62,0
2.549999952316284,55,73,1
2.549999952316284,59,83,0
2.549999952316284,67,60,0
2.549999952316284,60,79,0
2.549999952316284,57,90,0
2.558333396911621,57,90,0
2.558333396911621,55,73,1
2.566666603088379,55,73,1
2.573333263397217,69,68,1
2.573333263397217,68,59,0
2.573333263397217,69,57,0
2.573333263397217,59,80,0
2.573333263397217,62,84,1
2.573333263397217,56,122,1
2.573333263397217,60,68,0
2.573333263397217,59,60,0
2.573333263397217,57,89,0
2.573333263397217,60,79,0
2.573333263397217,64,46,1
2.573333263397217,59,81,0
2.573333263397217,66,61,0
2.573333263397217,54,32,0
2.573333263397217,67,61,0
2.573333263397217,60,78,0
2.573333263397217,66,62,0
2.573333263397217,55,127,0
2.573333263397217,53,77,1
2.573333263397217,55,30,0
2.573333263397217,56,92,0
2.573333263397217,66,54,1
2.573333263397217,55,94,0
2.573333263397217,51,71,0
2.573333263397217,62,42,0
2.573333263397217,54,35,0
2.573333263397217,70,85,1
2.573333263397217,57,91,0
2.573333263397217,59,82,0
2.573333263397217,51,70,0
2.573333263397217,60,77,0
2.573333263397217,58,85,0
2.573333263397217,64,41,1
2.573333263397217,53,78,1
2.573333263397217,54,96,0
2.573333263397217,69,88,1
2.573333263397217,58,86,0
2.573333263397217,54,33,0
2.573333263397217,70,72,0
2.573333263397217,66,58,1
2.573333263397217,68,56,0
2.573333263397217,54,76,1
2.573333263397217,66,24,0
2.573333263397217,56,101,1
2.573333263397217,58,87,0
2.573333263397217,67,60,0
2.573333263397217,64,64,1
2.573333263397217,55,118,0
2.573333263397217,54,75,1
2.573333263397217,50,98,1
2.573333263397217,61,41,0
2.573333263397217,67,58,0
2.573333263397217,67,91,1
2.573333263397217,55,73,1
2.573333263397217,57,90,0
2.573333263397217,66,27,0
2.573333263397217,52,79,1
2.573333263397217,65,64,1
2.573333263397217,54,116,1
2.573333263397217,66,47,1
2.573333263397217,53,47,1
2.573333263397217,63,40,0
2.573333263397217,67,59,0
2.573333263397217,59,62,0
2.573333263397217,57,88,0
2.573333263397217,59,100,1
2.573333263397217,50,65,0
2.573333263397217,55,50,0
2.573333263397217,55,75,1
2.573333263397217,52,80,1
2.573333263397217,58,64,0
2.573333263397217,54,77,1
2.573333263397217,55,74,1
2.573333263397217,62,41,0
2.573333263397217,58,84,0
2.573333263397217,54,39,0
2.573333263397217,62,70,1
2.5799999237060547,67,59,0
2.5799999237060547,60,78,0
2.5799999237060547,55,73,1
2.5799999237060547,54,96,0
2.5799999237060547,58,86,0
2.5799999237060547,57,90,0
2.5799999237060547,66,62,0
2.5799999237060547,58,85,0
2.5799999237060547,59,82,0
2.5799999237060547,54,75,1
2.5799999237060547,53,77,1
2.5799999237060547,58,87,0
2.5866665840148926,57,90,0
2.5866665840148926,59,82,0
2.5866665840148926,54,75,1
2.5933332443237305,59,82,0
2.5933332443237305,54,75,1
2.5999999046325684,59,82,0
2.605555534362793,58,85,0
2.605555534362793,66,31,0
2.605555534362793,59,56,0
2.605555534362793,76,61,1
2.605555534362793,67,58,0
2.605555534362793,58,63,0
2.605555534362793,51,76,0
2.605555534362793,55,95,0
2.605555534362793,54,44,1
2.605555534362793,64,63,1
2.605555534362793,64,74,0
2.605555534362793,59,80,0
2.605555534362793,51,72,0
2.605555534362793,60,100,1
2.605555534362793,62,44,1
2.605555534362793,60,93,1
2.605555534362793,52,81,1
2.605555534362793,57,88,0
2.605555534362793,55,73,1
2.605555534362793,55,94,0
2.605555534362793,60,76,0
2.605555534362793,63,69,1
2.605555534362793,67,59,0
2.605555534362793,65,46,1
2.605555534362793,64,42,1
2.605555534362793,53,97,0
2.605555534362793,57,90,0
2.605555534362793,59,82,0
2.605555534362793,70,72,0
2.605555534362793,60,78,0
2.605555534362793,50,61,0
2.605555534362793,60,77,0
2.605555534362793,58,65,0
2.605555534362793,50,69,0
2.605555534362793,67,60,0
2.605555534362793,60,58,0
2.605555534362793,58,86,0
2.605555534362793,64,19,0
2.605555534362793,56,112,1
2.605555534362793,59,67,0
2.605555534362793,68,83,1
2.605555534362793,60,49,0
2.605555534362793,59,68,0
2.605555534362793,56,91,0
2.605555534362793,55,93,0
2.605555534362793,63,65,1
2.605555534362793,59,61,0
2.605555534362793,59,79,0
2.605555534362793,69,90,1
2.605555534362793,68,53,1
2.605555534362793,53,98,0
2.605555534362793,58,84,0
2.605555534362793,50,67,0
2.605555534362793,66,61,0
2.605555534362793,52,114,1
2.605555534362793,66,50,1
2.605555534362793,61,16,0
2.605555534362793,66,117,0
2.605555534362793,74,67,1
2.605555534362793,52,79,1
2.605555534362793,54,75,1
2.605555534362793,64,45,1
2.605555534362793,51,99,1
2.605555534362793,64,44,1
2.605555534362793,53,77,1
2.605555534362793,60,47,0
2.605555534362793,49,97,1
2.605555534362793,68,54,1
2.605555534362793,52,78,0
2.605555534362793,61,53,0
2.605555534362793,59,81,0
2.605555534362793,53,33,1
2.605555534362793,66,60,0
2.605555534362793,57,89,0
2.605555534362793,64,43,1
2.605555534362793,63,68,1
2.605555534362793,53,79,1
2.605555534362793,63,67,1
2.605555534362793,60,56,0
2.605555534362793,55,74,1
2.605555534362793,52,80,1
2.605555534362793,54,37,0
2.605555534362793,58,83,0
2.605555534362793,65,33,1
2.605555534362793,56,92,0
2.605555534362793,65,48,1
2.605555534362793,60,46,0
2.605555534362793,54,96,0
2.605555534362793,66,62,0
2.605555534362793,52,120,1
2.605555534362793,54,95,0
2.605555534362793,64,65,1
2.605555534362793,67,57,0
2.605555534362793,59,119,1
2.605555534362793,47,122,1
2.605555534362793,54,76,1
2.605555534362793,58,66,0
2.6111111640930176,56,92,0
2.6111111640930176,53,77,1
2.6111111640930176,54,96,0
2.6111111640930176,59,82,0
2.6111111640930176,67,59,0
2.6111111640930176,59,81,0
2.6111111640930176,66,61,0
2.6111111640930176,54,75,1
2.6111111640930176,52,79,1
2.6111111640930176,60,78,0
2.6111111640930176,58,86,0
2.6111111640930176,67,58,0
2.6111111640930176,53,98,0
2.6111111640930176,60,77,0
2.616666793823242,54,75,1
2.616666793823242,58,86,0
2.616666793823242,67,58,0
2.616666793823242,53,77,1
2.616666793823242,52,79,1
2.616666793823242,67,59,0
2.616666793823242,60,78,0
2.616666793823242,59,82,0
2.622222185134888,67,59,0
2.622222185134888,60,78,0
2.622222185134888,58,86,0
2.622222185134888,54,75,1
2.622222185134888,59,82,0
2.622222185134888,53,77,1
2.6277778148651123,60,78,0
2.6277778148651123,58,86,0
2.6277778148651123,53,77,1
2.633333444595337,53,77,1
2.638889074325561,51,73,0
2.638889074325561,63,74,0
2.638889074325561,60,35,1
2.638889074325561,62,69,1
2.638889074325561,62,16,0
2.638889074325561,50,66,0
2.638889074325561,67,58,0
2.638889074325561,57,87,0
2.638889074325561,55,25,0
2.638889074325561,58,85,0
2.638889074325561,55,96,1
2.638889074325561,67,56,0
2.638889074325561,59,58,0
2.638889074325561,67,57,0
2.638889074325561,67,45,1
2.638889074325561,56,91,0
2.638889074325561,56,27,0
2.638889074325561,66,97,1
2.638889074325561,67,54,1
2.638889074325561,65,63,1
2.638889074325561,65,62,1
2.638889074325561,65,97,1
2.638889074325561,51,99,1
2.638889074325561,58,84,0
2.638889074325561,54,42,0
2.638889074325561,59,80,0
2.638889074325561,63,44,1
2.638889074325561,66,51,1
2.638889074325561,52,79,1
2.638889074325561,50,62,0
2.638889074325561,67,59,0
2.638889074325561,62,40,0
2.638889074325561,55,72,1
2.638889074325561,51,71,0
2.638889074325561,59,55,0
2.638889074325561,71,65,1
2.638889074325561,55,45,0
2.638889074325561,59,59,0
2.638889074325561,53,31,1
2.638889074325561,66,59,0
2.638889074325561,64,64,1
2.638889074325561,53,98,0
2.638889074325561,54,76,1
2.638889074325561,58,86,0
2.638889074325561,54,96,0
2.638889074325561,53,77,1
2.638889074325561,62,124,0
2.638889074325561,51,70,0
2.638889074325561,66,60,0
2.638889074325561,60,77,0
2.638889074325561,56,33,1
2.638889074325561,61,55,0
2.638889074325561,57,90,0
2.638889074325561,66,62,0
2.638889074325561,54,38,0
2.638889074325561,49,98,1
2.638889074325561,66,57,1
2.638889074325561,60,59,0
2.638889074325561,60,42,0
2.638889074325561,61,76,0
2.638889074325561,63,46,1
2.638889074325561,58,16,0
2.638889074325561,57,89,0
2.638889074325561,66,49,1
2.638889074325561,69,60,0
2.638889074325561,55,94,0
2.638889074325561,55,127,0
2.638889074325561,60,76,0
2.638889074325561,60,78,0
2.638889074325561,54,75,1
2.638889074325561,65,108,0
2.638889074325561,66,30,0
2.638889074325561,64,86,1
2.638889074325561,58,82,0
2.638889074325561,58,83,0
2.638889074325561,59,79,0
2.638889074325561,59,82,0
2.638889074325561,68,72,1
2.638889074325561,66,61,0
2.638889074325561,60,50,0
2.638889074325561,56,92,0
2.638889074325561,63,45,1
2.638889074325561,63,48,0
2.638889074325561,54,41,0
2.638889074325561,58,34,0
2.638889074325561,64,25,1
2.638889074325561,64,35,0
2.638889074325561,59,81,0
2.638889074325561,59,120,1
2.638889074325561,55,73,1
2.638889074325561,65,30,1
2.638889074325561,58,62,0
2.638889074325561,63,66,1
2.638889074325561,54,74,1
2.638889074325561,72,70,1
2.638889074325561,55,74,1
2.638889074325561,59,60,0
2.638889074325561,53,78,1
2.638889074325561,63,43,1
2.638889074325561,66,63,0
2.638889074325561,63,42,1
2.644444704055786,52,79,1
2.644444704055786,60,77,0
2.644444704055786,54,42,0
2.644444704055786,67,58,0
2.644444704055786,66,60,0
2.644444704055786,54,75,1
2.644444704055786,67,56,0
2.644444704055786,57,90,0
2.644444704055786,55,72,1
2.644444704055786,50,66,0
2.644444704055786,60,78,0
2.644444704055786,67,57,0
2.644444704055786,66,61,0
2.644444704055786,55,94,0
2.644444704055786,58,85,0
2.644444704055786,54,74,1
2.644444704055786,56,92,0
2.644444704055786,53,77,1
2.644444704055786,59,81,0
2.644444704055786,54,96,0
2.644444704055786,51,71,0
2.644444704055786,53,98,0
2.644444704055786,49,98,1
2.644444704055786,55,73,1
2.644444704055786,58,86,0
2.644444704055786,57,89,0
2.650000095367432,54,75,1
2.650000095367432,57,89,0
2.650000095367432,58,85,0
2.650000095367432,49,98,1
2.650000095367432,60,77,0
2.650000095367432,59,81,0
2.650000095367432,67,58,0
2.650000095367432,66,61,0
2.650000095367432,55,94,0
2.650000095367432,58,86,0
2.650000095367432,53,77,1
2.655555725097656,67,58,0
2.655555725097656,59,81,0
2.655555725097656,58,85,0
2.655555725097656,55,94,0
2.655555725097656,57,89,0
2.655555725097656,60,77,0
2.6611111164093018,60,77,0
2.6611111164093018,59,81,0
2.6666667461395264,59,81,0
2.6666667461395264,60,77,0
2.6708333492279053,54,75,1
2.6708333492279053,59,57,0
2.6708333492279053,55,97,1
2.6708333492279053,63,42,1
2.6708333492279053,55,94,0
2.6708333492279053,60,55,0
2.6708333492279053,60,77,0
2.6708333492279053,65,61,1
2.6708333492279053,55,74,1
2.6708333492279053,67,58,0
2.6708333492279053,63,65,1
2.6708333492279053,53,27,1
2.6708333492279053,60,45,0
2.6708333492279053,50,68,0
2.6708333492279053,60,54,0
2.6708333492279053,53,98,0
2.6708333492279053,60,69,0
2.6708333492279053,63,41,1
2.6708333492279053,62,32,0
2.6708333492279053,64,63,1
2.6708333492279053,57,66,0
2.6708333492279053,57,89,0
2.6708333492279053,66,108,1
2.6708333492279053,54,31,0
2.6708333492279053,50,98,1
2.6708333492279053,69,95,0
2.6708333492279053,60,76,0
2.6708333492279053,63,47,0
2.6708333492279053,51,77,0
2.6708333492279053,59,62,0
2.6708333492279053,65,52,1
2.6708333492279053,54,69,1
2.6708333492279053,67,56,0
2.6708333492279053,66,65,1
2.6708333492279053,66,58,0
2.6708333492279053,51,74,0
2.6708333492279053,66,59,0
2.6708333492279053,52,80,1
2.6708333492279053,62,70,1
2.6708333492279053,59,79,0
2.6708333492279053,48,119,1
2.6708333492279053,55,72,1
2.6708333492279053,58,83,0
2.6708333492279053,58,67,0
2.6708333492279053,50,67,0
2.6708333492279053,67,53,1
2.6708333492279053,56,106,1
2.6708333492279053,69,60,0
2.6708333492279053,58,85,0
2.6708333492279053,50,59,0
2.6708333492279053,58,64,0
2.6708333492279053,53,60,1
2.6708333492279053,66,56,1
2.6708333492279053,53,30,1
2.6708333492279053,65,28,1
2.6708333492279053,50,65,0
2.6708333492279053,60,33,1
2.6708333492279053,55,31,0
2.6708333492279053,51,71,0
2.6708333492279053,48,96,1
2.6708333492279053,59,78,0
2.6708333492279053,55,126,1
2.6708333492279053,63,71,1
2.6708333492279053,65,60,1
2.6708333492279053,49,98,1
2.6708333492279053,55,93,0
2.6708333492279053,62,68,1
2.6708333492279053,62,69,1
2.6708333492279053,54,68,1
2.6708333492279053,66,51,1
2.6708333492279053,54,76,1
2.6708333492279053,66,50,1
2.6708333492279053,58,84,0
2.6708333492279053,61,109,1
2.6708333492279053,59,80,0
2.6708333492279053,52,79,1
2.6708333492279053,60,62,0
2.6708333492279053,53,32,1
2.6708333492279053,65,39,1
2.6708333492279053,66,60,0
2.6708333492279053,65,48,0
2.6708333492279053,51,78,0
2.6708333492279053,53,97,0
2.6708333492279053,63,34,0
2.6708333492279053,67,55,0
2.6708333492279053,65,62,1
2.6708333492279053,58,33,0
2.6708333492279053,53,76,1
2.6708333492279053,66,64,1
2.6708333492279053,63,44,1
2.6708333492279053,52,117,1
2.6708333492279053,65,46,0
2.6708333492279053,61,56,0
2.6708333492279053,51,70,0
2.6708333492279053,56,34,1
2.6708333492279053,57,88,0
2.6708333492279053,56,91,0
2.6708333492279053,50,102,1
2.6708333492279053,51,75,0
2.6708333492279053,54,126,1
2.6708333492279053,57,65,0
2.6708333492279053,58,82,0
2.6708333492279053,63,24,1
2.6708333492279053,54,96,0
2.6708333492279053,56,92,0
2.6708333492279053,59,81,0
2.6708333492279053,57,87,0
2.6708333492279053,55,73,1
2.6708333492279053,50,69,0
2.6708333492279053,67,86,1
2.6708333492279053,53,28,1
2.6708333492279053,53,61,1
2.6708333492279053,53,78,1
2.6708333492279053,58,63,0
2.6708333492279053,49,97,1
2.6708333492279053,69,59,0
2.6708333492279053,70,70,0
2.6708333492279053,65,87,1
2.6708333492279053,58,61,0
2.6708333492279053,51,72,0
2.6708333492279053,50,99,1
2.6708333492279053,55,48,1
2.6708333492279053,59,61,0
2.6708333492279053,60,41,0
2.6708333492279053,57,98,1
2.6708333492279053,50,66,0
2.6708333492279053,53,77,1
2.6708333492279053,67,54,1
2.6708333492279053,59,47,0
2.6708333492279053,54,74,1
2.6708333492279053,56,90,0
2.6708333492279053,67,57,0
2.6708333492279053,66,66,1
2.674999952316284,57,88,0
2.674999952316284,58,83,0
2.674999952316284,67,56,0
2.674999952316284,66,60,0
2.674999952316284,53,98,0
2.674999952316284,53,77,1
2.674999952316284,58,84,0
2.674999952316284,49,98,1
2.674999952316284,59,80,0
2.674999952316284,54,96,0
2.674999952316284,60,76,0
2.674999952316284,67,55,0
2.674999952316284,56,92,0
2.674999952316284,54,74,1
2.674999952316284,54,69,1
2.674999952316284,55,72,1
2.674999952316284,53,76,1
2.674999952316284,51,71,0
2.674999952316284,66,64,1
2.674999952316284,50,99,1
2.674999952316284,59,81,0
2.674999952316284,60,77,0
2.674999952316284,67,57,0
2.674999952316284,58,85,0
2.674999952316284,57,89,0
2.674999952316284,66,59,0
2.674999952316284,50,66,0
2.679166793823242,60,77,0
2.679166793823242,54,74,1
2.679166793823242,59,80,0
2.679166793823242,67,56,0
2.679166793823242,57,89,0
2.679166793823242,67,57,0
2.679166793823242,56,92,0
2.679166793823242,53,76,1
2.679166793823242,58,85,0
2.683333396911621,60,77,0
2.683333396911621,57,89,0
2.683333396911621,58,85,0
2.683333396911621,54,74,1
2.683333396911621,67,57,0
2.6875,54,74,1
2.6875,60,77,0
2.6875,57,89,0
2.6875,58,85,0
2.6875,67,57,0
2.691666603088379,57,89,0
2.691666603088379,58,85,0
2.695833444595337,58,85,0
2.700000047683716,58,85,0
2.7041666507720947,65,47,0
2.7041666507720947,58,36,0
2.7041666507720947,65,29,1
2.7041666507720947,54,35,0
2.7041666507720947,51,76,0
2.7041666507720947,62,67,1
2.7041666507720947,67,56,0
2.7041666507720947,51,71,0
2.7041666507720947,57,86,0
2.7041666507720947,60,76,0
2.7041666507720947,65,46,0
2.7041666507720947,67,53,1
2.7041666507720947,53,78,1
2.7041666507720947,54,96,0
2.7041666507720947,59,93,1
2.7041666507720947,57,64,0
2.7041666507720947,53,26,1
2.7041666507720947,57,101,0
2.7041666507720947,56,90,0
2.7041666507720947,64,27,1
2.7041666507720947,65,42,1
2.7041666507720947,53,108,1
2.7041666507720947,55,27,0
2.7041666507720947,53,77,1
2.7041666507720947,56,115,1
2.7041666507720947,66,26,0
2.7041666507720947,58,82,0
2.7041666507720947,58,37,0
2.7041666507720947,57,87,0
2.7041666507720947,59,78,0
2.7041666507720947,55,72,1
2.7041666507720947,58,103,0
2.7041666507720947,59,95,1
2.7041666507720947,51,73,0
2.7041666507720947,65,44,1
2.7041666507720947,65,48,0
2.7041666507720947,57,66,0
2.7041666507720947,69,97,0
2.7041666507720947,69,61,0
2.7041666507720947,55,46,1
2.7041666507720947,59,80,0
2.7041666507720947,55,45,0
2.7041666507720947,49,98,1
2.7041666507720947,65,61,1
2.7041666507720947,65,43,1
2.7041666507720947,58,85,0
2.7041666507720947,56,91,0
2.7041666507720947,58,84,0
2.7041666507720947,59,77,0
2.7041666507720947,64,62,1
2.7041666507720947,62,36,0
2.7041666507720947,50,115,1
2.7041666507720947,52,78,1
2.7041666507720947,66,58,0
2.7041666507720947,66,59,0
2.7041666507720947,53,76,1
2.7041666507720947,50,60,0
2.7041666507720947,55,43,0
2.7041666507720947,65,60,1
2.7041666507720947,54,95,0
2.7041666507720947,64,28,1
2.7041666507720947,63,40,1
2.7041666507720947,58,60,0
2.7041666507720947,65,34,1
2.7041666507720947,57,112,0
2.7041666507720947,64,29,1
2.7041666507720947,57,85,0
2.7041666507720947,54,36,0
2.7041666507720947,54,74,1
2.7041666507720947,64,63,1
2.7041666507720947,55,42,0
2.7041666507720947,70,81,0
2.7041666507720947,66,51,1
2.7041666507720947,65,21,0
2.7041666507720947,54,73,1
2.7041666507720947,60,69,0
2.7041666507720947,58,62,0
2.7041666507720947,65,59,1
2.7041666507720947,58,94,1
2.7041666507720947,55,73,1
2.7041666507720947,66,57,0
2.7041666507720947,55,94,0
2.7041666507720947,58,81,0
2.7041666507720947,69,95,0
2.7041666507720947,54,75,1
2.7041666507720947,53,29,1
2.7041666507720947,59,35,0
2.7041666507720947,52,79,1
2.7041666507720947,50,70,0
2.7041666507720947,61,32,1
2.7041666507720947,56,92,0
2.7041666507720947,53,35,1
2.7041666507720947,55,47,0
2.7041666507720947,60,106,1
2.7041666507720947,53,97,0
2.7041666507720947,51,99,1
2.7041666507720947,59,68,0
2.7041666507720947,63,41,1
2.7041666507720947,62,33,0
2.7041666507720947,53,98,0
2.7041666507720947,58,68,0
2.7041666507720947,66,55,1
2.7041666507720947,70,71,0
2.7041666507720947,57,88,0
2.7041666507720947,60,53,0
2.7041666507720947,56,18,1
2.7041666507720947,68,81,1
2.7041666507720947,54,23,1
2.7041666507720947,66,50,1
2.7041666507720947,50,105,1
2.7041666507720947,66,62,0
2.7041666507720947,58,83,0
2.7041666507720947,58,67,0
2.7041666507720947,56,95,1
2.7041666507720947,59,79,0
2.7041666507720947,64,26,1
2.7041666507720947,56,126,0
2.7041666507720947,63,64,1
2.7041666507720947,67,55,0
2.7041666507720947,50,99,1
2.7041666507720947,66,60,0
2.7041666507720947,55,44,0
2.7083332538604736,59,79,0
2.7083332538604736,66,58,0
2.7083332538604736,55,94,0
2.7083332538604736,54,96,0
2.7083332538604736,59,78,0
2.7083332538604736,54,73,1
2.7083332538604736,59,80,0
2.7083332538604736,52,78,1
2.7083332538604736,53,77,1
2.7083332538604736,52,79,1
2.7083332538604736,50,99,1
2.7083332538604736,53,98,0
2.7083332538604736,65,48,0
2.7083332538604736,58,84,0
2.7083332538604736,58,83,0
2.7083332538604736,57,88,0
2.7083332538604736,67,55,0
2.7083332538604736,66,59,0
2.7083332538604736,65,47,0
2.7083332538604736,53,76,1
2.7083332538604736,67,56,0
2.7083332538604736,54,74,1
2.7083332538604736,54,75,1
2.7083332538604736,58,85,0
2.7083332538604736,56,92,0
2.7083332538604736,57,87,0
2.7083332538604736,51,71,0
2.712500095367432,67,56,0
2.712500095367432,59,79,0
2.712500095367432,52,78,1
2.712500095367432,53,76,1
2.712500095367432,56,92,0
2.712500095367432,67,55,0
2.712500095367432,59,78,0
2.712500095367432,58,84,0
2.712500095367432,57,88,0
2.712500095367432,54,74,1
2.712500095367432,55,94,0
2.712500095367432,66,59,0
2.712500095367432,59,80,0
2.7166666984558105,57,88,0
2.7166666984558105,53,76,1
2.7166666984558105,59,80,0
2.7166666984558105,58,84,0
2.7166666984558105,52,78,1
2.720833301544189,58,84,0
2.720833301544189,53,76,1
2.720833301544189,52,78,1
2.720833301544189,59,80,0
2.7249999046325684,52,78,1
2.7249999046325684,53,76,1
2.7249999046325684,58,84,0
2.7249999046325684,59,80,0
2.7291667461395264,58,84,0
2.7333333492279053,58,84,0
2.737499952316284,65,32,1
2.737499952316284,62,124,1
2.737499952316284,58,61,0
2.737499952316284,58,60,0
2.737499952316284,54,22,1
2.737499952316284,52,79,1
2.737499952316284,62,43,1
2.737499952316284,59,106,1
2.737499952316284,53,76,1
2.737499952316284,70,71,0
2.737499952316284,66,111,1
2.737499952316284,58,83,0
2.737499952316284,54,45,0
2.737499952316284,59,56,0
2.737499952316284,55,30,0
2.737499952316284,57,89,0
2.737499952316284,50,62,0
2.737499952316284,57,88,0
2.737499952316284,52,78,1
2.737499952316284,55,71,1
2.737499952316284,64,23,1
2.737499952316284,70,72,0
2.737499952316284,59,76,0
2.737499952316284,54,75,1
2.737499952316284,55,93,0
2.737499952316284,62,39,0
2.737499952316284,58,58,0
2.737499952316284,54,33,0
2.737499952316284,63,51,1
2.737499952316284,55,102,1
2.737499952316284,50,61,0
2.737499952316284,62,42,1
2.737499952316284,60,120,1
2.737499952316284,54,34,0
2.737499952316284,51,73,0
2.737499952316284,66,55,0
2.737499952316284,54,74,1
2.737499952316284,58,84,0
2.737499952316284,62,45,1
2.737499952316284,56,26,0
2.737499952316284,62,69,1
2.737499952316284,54,24,1
2.737499952316284,58,59,0
2.737499952316284,50,60,0
2.737499952316284,55,21,1
2.737499952316284,50,58,0
2.737499952316284,67,56,0
2.737499952316284,51,72,0
2.737499952316284,59,77,0
2.737499952316284,64,34,0
2.737499952316284,57,86,0
2.737499952316284,50,66,0
2.737499952316284,59,78,0
2.737499952316284,56,118,1
2.737499952316284,66,57,0
2.737499952316284,60,60,0
2.737499952316284,55,41,0
2.737499952316284,69,60,0
2.737499952316284,53,98,0
2.737499952316284,56,17,1
2.737499952316284,57,65,0
2.737499952316284,57,25,0
2.737499952316284,59,79,0
2.737499952316284,51,75,0
2.737499952316284,55,94,0
2.737499952316284,62,46,1
2.737499952316284,58,80,0
2.737499952316284,52,80,1
2.737499952316284,55,32,0
2.737499952316284,67,70,1
2.737499952316284,62,68,1
2.737499952316284,59,101,1
2.737499952316284,66,28,0
2.737499952316284,53,77,1
2.737499952316284,57,87,0
2.737499952316284,62,44,1
2.737499952316284,57,33,1
2.737499952316284,61,42,0
2.737499952316284,65,47,0
2.737499952316284,64,62,1
2.737499952316284,54,76,1
2.737499952316284,57,85,0
2.737499952316284,56,90,0
2.737499952316284,58,57,0
2.737499952316284,63,63,1
2.737499952316284,56,25,0
2.737499952316284,55,29,0
2.737499952316284,67,55,0
2.737499952316284,51,79,0
2.737499952316284,51,78,0
2.737499952316284,49,98,1
2.737499952316284,54,96,0
2.737499952316284,50,99,1
2.737499952316284,57,63,0
2.737499952316284,54,70,1
2.737499952316284,50,81,0
2.737499952316284,66,58,0
2.737499952316284,59,34,0
2.737499952316284,56,91,0
2.737499952316284,51,71,0
2.737499952316284,56,89,0
2.737499952316284,62,66,1
2.737499952316284,53,75,1
2.737499952316284,63,65,1
2.737499952316284,64,61,1
2.737499952316284,66,56,0
2.737499952316284,59,54,0
2.737499952316284,55,72,1
2.737499952316284,55,28,0
2.737499952316284,64,53,1
2.737499952316284,54,73,1
2.737499952316284,54,69,1
2.737499952316284,61,33,1
2.737499952316284,58,82,0
2.737499952316284,64,24,1
2.737499952316284,50,68,0
2.737499952316284,56,20,1
2.737499952316284,65,48,0
2.737499952316284,61,34,1
2.737499952316284,68,111,1
2.737499952316284,50,59,0
2.737499952316284,66,73,1
2.737499952316284,58,81,0
2.737499952316284,61,36,1
2.737499952316284,66,32,0
2.737499952316284,54,95,0
2.741666555404663,55,94,0
2.741666555404663,55,93,0
2.741666555404663,59,79,0
2.741666555404663,58,81,0
2.741666555404663,54,74,1
2.741666555404663,66,57,0
2.741666555404663,52,78,1
2.741666555404663,54,73,1
2.741666555404663,57,88,0
2.741666555404663,59,78,0
2.741666555404663,66,56,0
2.741666555404663,53,75,1
2.741666555404663,58,84,0
2.741666555404663,55,72,1
2.741666555404663,58,82,0
2.741666555404663,56,91,0
2.741666555404663,66,58,0
2.741666555404663,53,98,0
2.741666555404663,59,77,0
2.741666555404663,57,87,0
2.741666555404663,58,83,0
2.741666555404663,53,76,1
2.741666555404663,57,86,0
2.741666555404663,54,69,1
2.745833396911621,53,75,1
2.745833396911621,56,91,0
2.745833396911621,52,78,1
2.745833396911621,59,79,0
2.745833396911621,59,78,0
2.745833396911621,54,73,1
2.745833396911621,58,84,0
2.745833396911621,66,57,0
2.745833396911621,58,83,0
2.745833396911621,66,58,0
2.745833396911621,57,88,0
2.75,54,73,1
2.75,59,79,0
2.75,57,88,0
2.75,66,58,0
2.75,58,83,0
2.75,56,91,0
2.754166603088379,59,79,0
2.754166603088379,57,88,0
2.754166603088379,58,83,0
2.754166603088379,54,73,1
2.754166603088379,66,58,0
2.758333206176758,58,83,0
2.758333206176758,54,73,1
2.758333206176758,57,88,0
2.758333206176758,59,79,0
2.762500047683716,54,73,1
2.762500047683716,58,83,0
2.762500047683716,59,79,0
2.762500047683716,57,88,0
2.7666666507720947,58,83,0
2.7703702449798584,65,60,1
2.7703702449798584,49,99,1
2.7703702449798584,50,65,0
2.7703702449798584,57,67,0
2.7703702449798584,51,100,1
2.7703702449798584,58,101,1
2.7703702449798584,59,76,0
2.7703702449798584,66,31,0
2.7703702449798584,58,55,0
2.7703702449798584,55,20,1
2.7703702449798584,63,63,1
2.7703702449798584,57,66,0
2.7703702449798584,57,86,0
2.7703702449798584,56,89,0
2.7703702449798584,57,124,1
2.7703702449798584,58,52,0
2.7703702449798584,55,71,1
2.7703702449798584,50,60,0
2.7703702449798584,61,69,1
2.7703702449798584,51,119,1
2.7703702449798584,59,69,0
2.7703702449798584,59,81,0
2.7703702449798584,52,77,1
2.7703702449798584,54,37,0
2.7703702449798584,70,47,1
2.7703702449798584,65,58,1
2.7703702449798584,54,117,1
2.7703702449798584,69,87,1
2.7703702449798584,58,82,0
2.7703702449798584,58,54,0
2.7703702449798584,62,65,1
2.7703702449798584,57,61,0
2.7703702449798584,58,83,0
2.7703702449798584,66,57,0
2.7703702449798584,62,66,1
2.7703702449798584,54,70,1
2.7703702449798584,51,98,1
2.7703702449798584,65,31,1
2.7703702449798584,56,91,0
2.7703702449798584,58,53,0
2.7703702449798584,72,65,1
2.7703702449798584,51,72,0
2.7703702449798584,57,87,0
2.7703702449798584,57,62,0
2.7703702449798584,61,45,1
2.7703702449798584,59,55,0
2.7703702449798584,58,80,0
2.7703702449798584,58,21,0
2.7703702449798584,55,103,1
2.7703702449798584,54,72,1
2.7703702449798584,66,107,1
2.7703702449798584,57,64,0
2.7703702449798584,52,52,1
2.7703702449798584,56,90,0
2.7703702449798584,54,96,0
2.7703702449798584,69,93,1
2.7703702449798584,59,58,0
2.7703702449798584,59,57,0
2.7703702449798584,58,81,0
2.7703702449798584,62,109,1
2.7703702449798584,58,56,0
2.7703702449798584,54,21,1
2.7703702449798584,65,41,1
2.7703702449798584,63,64,1
2.7703702449798584,64,60,1
2.7703702449798584,48,99,1
2.7703702449798584,53,60,1
2.7703702449798584,51,99,1
2.7703702449798584,65,44,1
2.7703702449798584,65,59,1
2.7703702449798584,52,79,1
2.7703702449798584,54,69,1
2.7703702449798584,59,53,0
2.7703702449798584,58,63,0
2.7703702449798584,55,92,0
2.7703702449798584,66,55,0
2.7703702449798584,66,56,0
2.7703702449798584,59,63,0
2.7703702449798584,65,30,1
2.7703702449798584,59,77,0
2.7703702449798584,59,80,0
2.7703702449798584,61,67,1
2.7703702449798584,59,59,0
2.7703702449798584,53,97,0
2.7703702449798584,56,119,1
2.7703702449798584,51,77,0
2.7703702449798584,54,95,0
2.7703702449798584,66,53,1
2.7703702449798584,50,66,0
2.7703702449798584,53,76,1
2.7703702449798584,50,99,1
2.7703702449798584,71,60,1
2.7703702449798584,62,45,1
2.7703702449798584,56,65,0
2.7703702449798584,56,107,1
2.7703702449798584,53,75,1
2.7703702449798584,54,73,1
2.7703702449798584,57,85,0
2.7703702449798584,59,78,0
2.7703702449798584,51,76,0
2.7703702449798584,55,94,0
2.7703702449798584,66,52,1
2.7703702449798584,67,107,1
2.7703702449798584,50,67,0
2.7703702449798584,62,67,1
2.7703702449798584,53,77,1
2.7703702449798584,54,74,1
2.7703702449798584,63,26,1
2.7703702449798584,59,113,1
2.7703702449798584,65,56,1
2.7703702449798584,71,63,1
2.7703702449798584,57,84,0
2.7703702449798584,63,52,1
2.7703702449798584,54,67,1
2.7703702449798584,64,70,1
2.7703702449798584,66,58,1
2.7703702449798584,48,116,1
2.7703702449798584,54,66,1
2.7703702449798584,57,88,0
2.7703702449798584,54,44,0
2.7703702449798584,49,98,1
2.7703702449798584,52,78,1
2.7703702449798584,51,71,0
2.7703702449798584,60,57,0
2.7703702449798584,58,59,0
2.7703702449798584,65,43,1
2.7703702449798584,57,40,1
2.7703702449798584,61,68,1
2.7703702449798584,65,49,0
2.7703702449798584,71,68,1
2.7703702449798584,70,79,0
2.7703702449798584,55,93,0
2.7703702449798584,64,61,1
2.7703702449798584,58,61,0
2.7703702449798584,55,104,1
2.7703702449798584,51,74,0
2.7703702449798584,47,92,0
2.774074077606201,53,75,1
2.774074077606201,54,73,1
2.774074077606201,59,78,0
2.774074077606201,54,96,0
2.774074077606201,51,100,1
2.774074077606201,66,56,0
2.774074077606201,66,55,0
2.774074077606201,66,53,1
2.774074077606201,58,82,0
2.774074077606201,58,81,0
2.774074077606201,53,76,1
2.774074077606201,57,86,0
2.774074077606201,57,85,0
2.774074077606201,66,57,0
2.774074077606201,59,77,0
2.774074077606201,56,91,0
2.774074077606201,52,77,1
2.774074077606201,57,87,0
2.774074077606201,52,78,1
2.774074077606201,59,76,0
2.774074077606201,54,72,1
2.774074077606201,53,60,1
2.777777671813965,59,77,0
2.777777671813965,66,56,0
2.777777671813965,54,72,1
2.777777671813965,53,75,1
2.777777671813965,56,91,0
2.777777671813965,52,78,1
2.777777671813965,57,87,0
2.777777671813965,52,77,1
2.777777671813965,58,82,0
2.777777671813965,54,73,1
2.777777671813965,66,55,0
2.777777671813965,66,57,0
2.777777671813965,59,78,0
2.7814812660217285,66,56,0
2.7814812660217285,59,77,0
2.7814812660217285,58,82,0
2.7814812660217285,53,75,1
2.7814812660217285,57,87,0
2.7814812660217285,59,78,0
2.7814812660217285,54,72,1
2.7814812660217285,56,91,0
2.7814812660217285,52,77,1
2.7851850986480717,59,77,0
2.7851850986480717,54,72,1
2.7851850986480717,56,91,0
2.7851850986480717,58,82,0
2.7851850986480717,57,87,0
2.7851850986480717,59,78,0
2.7851850986480717,52,77,1
2.7851850986480717,53,75,1
2.788888931274414,54,72,1
2.788888931274414,59,78,0
2.788888931274414,58,82,0
2.788888931274414,57,87,0
2.788888931274414,53,75,1
2.7925925254821777,53,75,1
2.7925925254821777,57,87,0
2.7925925254821777,59,78,0
2.7925925254821777,54,72,1
2.7925925254821777,58,82,0
2.7962961196899414,59,78,0
2.799999952316284,59,78,0
2.804166555404663,54,95,0
2.804166555404663,53,49,0
2.804166555404663,63,62,1
2.804166555404663,65,58,1
2.804166555404663,65,107,1
2.804166555404663,59,20,1
2.804166555404663,60,48,0
2.804166555404663,54,73,1
2.804166555404663,64,60,1
2.804166555404663,68,77,1
2.804166555404663,53,74,1
2.804166555404663,56,65,0
2.804166555404663,62,65,1
2.804166555404663,57,63,0
2.804166555404663,58,79,0
2.804166555404663,57,87,0
2.804166555404663,53,41,1
2.804166555404663,61,35,1
2.804166555404663,62,43,1
2.804166555404663,48,97,1
2.804166555404663,64,25,1
2.804166555404663,53,51,0
2.804166555404663,56,66,0
2.804166555404663,53,33,1
2.804166555404663,58,81,0
2.804166555404663,55,47,1
2.804166555404663,69,62,1
2.804166555404663,59,77,0
2.804166555404663,61,104,1
2.804166555404663,63,36,0
2.804166555404663,57,84,0
2.804166555404663,64,59,1
2.804166555404663,57,60,0
2.804166555404663,70,69,0
2.804166555404663,53,97,0
2.804166555404663,65,27,1
2.804166555404663,54,44,0
2.804166555404663,66,25,0
2.804166555404663,62,26,1
2.804166555404663,49,97,1
2.804166555404663,49,99,1
2.804166555404663,53,34,1
2.804166555404663,53,72,1
2.804166555404663,56,101,0
2.804166555404663,75,69,1
2.804166555404663,56,27,0
2.804166555404663,66,29,0
2.804166555404663,66,55,0
2.804166555404663,57,20,1
2.804166555404663,50,99,1
2.804166555404663,67,61,1
2.804166555404663,65,20,0
2.804166555404663,56,93,0
2.804166555404663,51,73,0
2.804166555404663,66,99,1
2.804166555404663,59,76,0
2.804166555404663,53,77,1
2.804166555404663,59,48,0
2.804166555404663,62,64,1
2.804166555404663,61,44,1
2.804166555404663,66,67,1
2.804166555404663,56,89,0
2.804166555404663,64,41,1
2.804166555404663,58,60,0
2.804166555404663,57,68,0
2.804166555404663,55,31,0
2.804166555404663,67,83,1
2.804166555404663,63,127,0
2.804166555404663,55,105,1
2.804166555404663,61,67,1
2.804166555404663,59,82,0
2.804166555404663,54,72,1
2.804166555404663,54,35,0
2.804166555404663,62,42,1
2.804166555404663,65,49,0
2.804166555404663,66,56,0
2.804166555404663,50,67,0
2.804166555404663,56,91,0
2.804166555404663,57,67,0
2.804166555404663,63,104,1
2.804166555404663,54,74,1
2.804166555404663,51,72,0
2.804166555404663,59,54,0
2.804166555404663,61,20,0
2.804166555404663,49,98,1
2.804166555404663,58,65,0
2.804166555404663,70,71,0
2.804166555404663,50,68,0
2.804166555404663,64,18,0
2.804166555404663,59,50,0
2.804166555404663,65,57,1
2.804166555404663,55,93,0
2.804166555404663,59,36,0
2.804166555404663,69,73,1
2.804166555404663,51,74,0
2.804166555404663,58,80,0
2.804166555404663,56,88,0
2.804166555404663,58,82,0
2.804166555404663,64,83,1
2.804166555404663,50,69,0
2.804166555404663,50,66,0
2.804166555404663,60,40,0
2.804166555404663,57,83,0
2.804166555404663,59,49,0
2.804166555404663,51,52,1
2.804166555404663,50,71,0
2.804166555404663,65,55,1
2.804166555404663,63,47,1
2.804166555404663,55,92,0
2.804166555404663,66,60,1
2.804166555404663,56,97,1
2.804166555404663,56,90,0
2.804166555404663,66,54,0
2.804166555404663,57,62,0
2.804166555404663,65,53,1
2.804166555404663,51,100,1
2.804166555404663,52,77,1
2.804166555404663,57,41,1
2.804166555404663,65,50,0
2.804166555404663,62,63,1
2.804166555404663,63,17,0
2.804166555404663,65,48,0
2.804166555404663,51,81,1
2.804166555404663,53,76,1
2.804166555404663,51,75,0
2.804166555404663,54,71,1
2.804166555404663,59,66,0
2.804166555404663,57,85,0
2.804166555404663,63,63,1
2.804166555404663,54,36,0
2.804166555404663,64,47,1
2.804166555404663,66,52,1
2.804166555404663,52,78,1
2.804166555404663,55,70,1
2.804166555404663,64,58,1
2.804166555404663,57,101,1
2.804166555404663,54,45,0
2.804166555404663,49,65,0
2.804166555404663,60,117,1
2.804166555404663,57,86,0
2.804166555404663,54,41,0
2.804166555404663,53,75,1
2.804166555404663,58,57,0
2.804166555404663,58,68,0
2.808333158493042,57,86,0
2.808333158493042,58,79,0
2.808333158493042,52,77,1
2.808333158493042,59,77,0
2.808333158493042,54,72,1
2.808333158493042,54,71,1
2.808333158493042,58,81,0
2.808333158493042,54,73,1
2.808333158493042,53,75,1
2.808333158493042,53,74,1
2.808333158493042,65,49,0
2.808333158493042,56,90,0
2.808333158493042,56,91,0
2.808333158493042,65,50,0
2.808333158493042,57,87,0
2.808333158493042,66,54,0
2.808333158493042,66,55,0
2.808333158493042,55,93,0
2.808333158493042,53,76,1
2.808333158493042,57,84,0
2.808333158493042,57,85,0
2.808333158493042,59,76,0
2.808333158493042,58,80,0
2.808333158493042,58,82,0
2.8125,56,90,0
2.8125,65,49,0
2.8125,52,77,1
2.8125,56,91,0
2.8125,57,87,0
2.8125,57,86,0
2.8125,66,54,0
2.8125,54,72,1
2.8125,55,93,0
2.8125,59,77,0
2.8125,59,76,0
2.8125,53,74,1
2.8125,65,50,0
2.8125,66,55,0
2.8125,58,81,0
2.8125,53,75,1
2.8125,54,71,1
2.8125,58,80,0
2.816666603088379,53,74,1
2.816666603088379,54,71,1
2.816666603088379,54,72,1
2.816666603088379,66,54,0
2.816666603088379,57,86,0
2.816666603088379,59,77,0
2.816666603088379,58,81,0
2.816666603088379,66,55,0
2.816666603088379,52,77,1
2.820833206176758,53,74,1
2.820833206176758,58,81,0
2.820833206176758,54,71,1
2.820833206176758,59,77,0
2.820833206176758,52,77,1
2.8249998092651367,54,71,1
2.8249998092651367,59,77,0
2.8249998092651367,58,81,0
2.8291666507720947,59,77,0
2.8291666507720947,54,71,1
2.8291666507720947,58,81,0
2.8333332538604736,54,71,1
2.8374998569488525,58,55,0
2.8374998569488525,56,64,0
2.8374998569488525,63,62,1
2.8374998569488525,57,86,0
2.8374998569488525,52,78,1
2.8374998569488525,65,54,1
2.8374998569488525,52,77,1
2.8374998569488525,57,85,0
2.8374998569488525,59,75,0
2.8374998569488525,52,76,1
2.8374998569488525,65,33,1
2.8374998569488525,53,97,0
2.8374998569488525,57,53,0
2.8374998569488525,54,95,0
2.8374998569488525,58,53,0
2.8374998569488525,53,74,1
2.8374998569488525,59,35,0
2.8374998569488525,56,126,1
2.8374998569488525,58,19,1
2.8374998569488525,51,76,0
2.8374998569488525,51,72,0
2.8374998569488525,51,78,0
2.8374998569488525,64,19,0
2.8374998569488525,66,54,0
2.8374998569488525,64,56,1
2.8374998569488525,59,76,0
2.8374998569488525,50,98,1
2.8374998569488525,51,71,0
2.8374998569488525,67,72,1
2.8374998569488525,59,33,0
2.8374998569488525,55,43,0
2.8374998569488525,64,59,1
2.8374998569488525,51,77,0
2.8374998569488525,65,45,1
2.8374998569488525,66,27,0
2.8374998569488525,61,126,1
2.8374998569488525,63,75,0
2.8374998569488525,61,65,1
2.8374998569488525,54,71,1
2.8374998569488525,55,48,0
2.8374998569488525,51,75,0
2.8374998569488525,55,46,0
2.8374998569488525,56,87,0
2.8374998569488525,62,64,1
2.8374998569488525,55,92,0
2.8374998569488525,63,47,1
2.8374998569488525,56,23,0
2.8374998569488525,58,100,1
2.8374998569488525,58,56,0
2.8374998569488525,61,66,1
2.8374998569488525,63,61,1
2.8374998569488525,56,66,0
2.8374998569488525,58,110,0
2.8374998569488525,61,42,1
2.8374998569488525,56,90,0
2.8374998569488525,57,57,0
2.8374998569488525,58,81,0
2.8374998569488525,54,34,0
2.8374998569488525,57,82,0
2.8374998569488525,52,116,1
2.8374998569488525,53,96,0
2.8374998569488525,63,109,1
2.8374998569488525,63,32,0
2.8374998569488525,54,70,1
2.8374998569488525,65,89,1
2.8374998569488525,69,90,0
2.8374998569488525,57,58,0
2.8374998569488525,60,40,0
2.8374998569488525,59,98,1
2.8374998569488525,64,58,1
2.8374998569488525,57,67,0
2.8374998569488525,57,59,0
2.8374998569488525,53,75,1
2.8374998569488525,53,62,0
2.8374998569488525,58,77,0
2.8374998569488525,64,57,1
2.8374998569488525,61,34,1
2.8374998569488525,58,51,0
2.8374998569488525,51,100,1
2.8374998569488525,64,28,1
2.8374998569488525,58,58,0
2.8374998569488525,54,41,0
2.8374998569488525,65,56,1
2.8374998569488525,54,73,1
2.8374998569488525,55,32,0
2.8374998569488525,54,43,0
2.8374998569488525,64,48,1
2.8374998569488525,55,30,0
2.8374998569488525,56,63,0
2.8374998569488525,57,87,0
2.8374998569488525,47,93,0
2.8374998569488525,58,80,0
2.8374998569488525,58,78,0
2.8374998569488525,61,68,1
2.8374998569488525,69,96,0
2.8374998569488525,54,40,0
2.8374998569488525,55,93,0
2.8374998569488525,65,22,0
2.8374998569488525,63,27,1
2.8374998569488525,57,83,0
2.8374998569488525,57,84,0
2.8374998569488525,58,54,0
2.8374998569488525,50,57,0
2.8374998569488525,60,39,0
2.8374998569488525,55,44,0
2.8374998569488525,53,76,1
2.8374998569488525,63,127,1
2.8374998569488525,66,23,0
2.8374998569488525,62,110,1
2.8374998569488525,56,89,0
2.8374998569488525,56,26,0
2.8374998569488525,50,58,0
2.8374998569488525,58,79,0
2.8374998569488525,53,73,1
2.8374998569488525,63,34,0
2.8374998569488525,53,31,1
2.8374998569488525,51,73,0
2.8374998569488525,62,41,1
2.8374998569488525,50,67,0
2.8374998569488525,54,72,1
2.8374998569488525,64,27,1
2.8374998569488525,56,88,0
2.8374998569488525,54,68,1
2.8374998569488525,62,63,1
2.8374998569488525,64,60,1
2.8374998569488525,54,94,0
2.8374998569488525,56,28,0
2.8374998569488525,57,61,0
2.8374998569488525,49,99,1
2.8374998569488525,57,95,1
2.8374998569488525,59,92,1
2.8374998569488525,65,57,1
2.8374998569488525,64,46,1
2.8416664600372314,54,72,1
2.8416664600372314,58,78,0
2.8416664600372314,57,85,0
2.8416664600372314,53,97,0
2.8416664600372314,58,79,0
2.8416664600372314,52,78,1
2.8416664600372314,58,81,0
2.8416664600372314,58,80,0
2.8416664600372314,63,61,1
2.8416664600372314,60,39,0
2.8416664600372314,53,75,1
2.8416664600372314,53,73,1
2.8416664600372314,52,76,1
2.8416664600372314,52,77,1
2.8416664600372314,55,93,0
2.8416664600372314,59,76,0
2.8416664600372314,57,86,0
2.8416664600372314,51,72,0
2.8416664600372314,54,71,1
2.8416664600372314,53,74,1
2.8416664600372314,54,70,1
2.8416664600372314,54,95,0
2.8416664600372314,57,84,0
2.8416664600372314,57,83,0
2.8416664600372314,51,100,1
2.8416664600372314,56,90,0
2.845833301544189,54,70,1
2.845833301544189,57,85,0
2.845833301544189,58,80,0
2.845833301544189,53,73,1
2.845833301544189,54,71,1
2.845833301544189,57,86,0
2.845833301544189,55,93,0
2.845833301544189,52,76,1
2.845833301544189,52,77,1
2.845833301544189,53,97,0
2.845833301544189,56,90,0
2.845833301544189,58,78,0
2.845833301544189,58,79,0
2.845833301544189,53,74,1
2.845833301544189,54,95,0
2.8499999046325684,54,71,1
2.8499999046325684,56,90,0
2.8499999046325684,53,74,1
2.8499999046325684,53,73,1
2.8499999046325684,55,93,0
2.8499999046325684,52,76,1
2.8499999046325684,54,70,1
2.8499999046325684,58,80,0
2.8499999046325684,57,85,0
2.8499999046325684,57,86,0
2.8541665077209477,58,80,0
2.8541665077209477,57,85,0
2.8541665077209477,52,76,1
2.8541665077209477,53,74,1
2.8541665077209477,56,90,0
2.8541665077209477,53,73,1
2.8541665077209477,57,86,0
2.8541665077209477,55,93,0
2.858333110809326,56,90,0
2.858333110809326,52,76,1
2.858333110809326,57,86,0
2.858333110809326,58,80,0
2.858333110809326,53,73,1
2.858333110809326,57,85,0
2.862499952316284,57,86,0
2.862499952316284,58,80,0
2.862499952316284,56,90,0
2.862499952316284,57,85,0
2.862499952316284,52,76,1
2.866666555404663,58,80,0
2.870833158493042,62,62,1
2.870833158493042,65,51,0
2.870833158493042,49,64,0
2.870833158493042,51,71,0
2.870833158493042,64,24,1
2.870833158493042,61,36,1
2.870833158493042,64,54,1
2.870833158493042,59,69,0
2.870833158493042,56,67,0
2.870833158493042,57,85,0
2.870833158493042,54,72,1
2.870833158493042,65,44,1
2.870833158493042,59,77,0
2.870833158493042,56,63,0
2.870833158493042,55,107,1
2.870833158493042,57,33,1
2.870833158493042,57,62,0
2.870833158493042,64,30,1
2.870833158493042,51,100,1
2.870833158493042,50,119,1
2.870833158493042,66,55,0
2.870833158493042,52,75,1
2.870833158493042,64,81,1
2.870833158493042,61,66,1
2.870833158493042,57,123,1
2.870833158493042,53,68,1
2.870833158493042,50,70,0
2.870833158493042,59,48,0
2.870833158493042,56,90,0
2.870833158493042,60,45,1
2.870833158493042,64,67,1
2.870833158493042,61,65,1
2.870833158493042,59,117,1
2.870833158493042,55,33,0
2.870833158493042,58,77,0
2.870833158493042,55,93,0
2.870833158493042,61,39,1
2.870833158493042,55,42,0
2.870833158493042,67,114,0
2.870833158493042,57,59,0
2.870833158493042,64,49,1
2.870833158493042,54,24,1
2.870833158493042,57,83,0
2.870833158493042,59,99,1
2.870833158493042,55,112,1
2.870833158493042,59,42,0
2.870833158493042,52,74,1
2.870833158493042,50,80,0
2.870833158493042,60,123,1
2.870833158493042,66,26,0
2.870833158493042,59,108,1
2.870833158493042,54,43,0
2.870833158493042,61,35,1
2.870833158493042,57,54,0
2.870833158493042,51,80,1
2.870833158493042,50,100,1
2.870833158493042,55,92,0
2.870833158493042,65,55,1
2.870833158493042,57,55,0
2.870833158493042,50,97,1
2.870833158493042,52,76,1
2.870833158493042,53,71,1
2.870833158493042,53,97,0
2.870833158493042,60,69,1
2.870833158493042,66,39,0
2.870833158493042,55,115,1
2.870833158493042,64,57,1
2.870833158493042,65,52,0
2.870833158493042,64,80,1
2.870833158493042,76,62,1
2.870833158493042,57,58,0
2.870833158493042,54,70,1
2.870833158493042,66,30,0
2.870833158493042,64,36,0
2.870833158493042,49,66,0
2.870833158493042,49,99,1
2.870833158493042,51,75,0
2.870833158493042,57,56,0
2.870833158493042,62,63,1
2.870833158493042,50,68,0
2.870833158493042,50,69,0
2.870833158493042,58,76,0
2.870833158493042,64,22,1
2.870833158493042,54,95,0
2.870833158493042,57,78,1
2.870833158493042,52,77,1
2.870833158493042,58,52,0
2.870833158493042,57,81,0
2.870833158493042,55,65,0
2.870833158493042,51,72,0
2.870833158493042,54,44,0
2.870833158493042,57,84,0
2.870833158493042,54,42,0
2.870833158493042,64,34,0
2.870833158493042,54,41,0
2.870833158493042,57,77,1
2.870833158493042,65,42,1
2.870833158493042,57,64,0
2.870833158493042,65,54,1
2.870833158493042,64,26,1
2.870833158493042,50,67,0
2.870833158493042,63,60,1
2.870833158493042,56,64,0
2.870833158493042,61,64,1
2.870833158493042,65,30,1
2.870833158493042,64,23,1
2.870833158493042,56,87,0
2.870833158493042,55,45,0
2.870833158493042,55,91,0
2.870833158493042,59,113,0
2.870833158493042,56,61,0
2.870833158493042,56,88,0
2.870833158493042,64,35,0
2.870833158493042,57,52,0
2.870833158493042,53,73,1
2.870833158493042,50,63,0
2.870833158493042,57,82,0
2.870833158493042,58,41,0
2.870833158493042,53,75,1
2.870833158493042,67,43,1
2.870833158493042,67,82,1
2.870833158493042,65,29,1
2.870833158493042,65,50,0
2.870833158493042,54,94,0
2.870833158493042,63,59,1
2.870833158493042,56,89,0
2.870833158493042,65,81,1
2.870833158493042,64,56,1
2.870833158493042,51,76,0
2.870833158493042,69,89,1
2.870833158493042,55,66,0
2.870833158493042,59,40,0
2.870833158493042,58,78,0
2.870833158493042,57,61,0
2.870833158493042,54,69,1
2.870833158493042,69,79,1
2.870833158493042,56,86,0
2.870833158493042,54,65,1
2.870833158493042,61,40,1
2.870833158493042,51,73,0
2.870833158493042,49,98,1
2.870833158493042,59,34,0
2.870833158493042,54,71,1
2.870833158493042,50,99,1
2.870833158493042,57,80,0
2.870833158493042,63,46,1
2.870833158493042,59,39,0
2.870833158493042,56,62,0
2.870833158493042,53,74,1
2.870833158493042,50,64,0
2.870833158493042,50,59,0
2.870833158493042,56,33,1
2.870833158493042,58,79,0
2.870833158493042,62,50,1
2.870833158493042,56,19,1
2.870833158493042,63,53,1
2.870833158493042,64,55,1
2.870833158493042,65,28,1
2.870833158493042,50,112,1
2.870833158493042,51,79,1
2.870833158493042,65,40,1
2.870833158493042,53,32,1
2.870833158493042,57,60,0
2.870833158493042,64,58,1
2.870833158493042,65,21,0
2.870833158493042,53,72,1
2.870833158493042,50,74,0
2.874999761581421,57,85,0
2.874999761581421,53,97,0
2.874999761581421,57,81,0
2.874999761581421,56,89,0
2.874999761581421,65,52,0
2.874999761581421,58,77,0
2.874999761581421,49,99,1
2.874999761581421,54,70,1
2.874999761581421,50,59,0
2.874999761581421,57,83,0
2.874999761581421,54,69,1
2.874999761581421,55,93,0
2.874999761581421,51,72,0
2.874999761581421,53,72,1
2.874999761581421,56,90,0
2.874999761581421,57,82,0
2.874999761581421,54,95,0
2.874999761581421,51,73,0
2.874999761581421,51,100,1
2.874999761581421,57,84,0
2.874999761581421,58,79,0
2.874999761581421,52,76,1
2.874999761581421,53,74,1
2.874999761581421,52,75,1
2.874999761581421,52,77,1
2.874999761581421,53,75,1
2.874999761581421,53,73,1
2.874999761581421,58,76,0
2.874999761581421,54,71,1
2.874999761581421,58,78,0
2.874999761581421,55,92,0
2.879166603088379,53,97,0
2.879166603088379,57,85,0
2.879166603088379,54,95,0
2.879166603088379,57,83,0
2.879166603088379,53,72,1
2.879166603088379,56,89,0
2.879166603088379,54,71,1
2.879166603088379,53,73,1
2.879166603088379,58,78,0
2.879166603088379,54,70,1
2.879166603088379,49,99,1
2.879166603088379,58,77,0
2.879166603088379,52,76,1
2.879166603088379,58,79,0
2.879166603088379,57,84,0
2.879166603088379,55,93,0
2.883333206176758,57,84,0
2.883333206176758,56,89,0
2.883333206176758,58,79,0
2.883333206176758,53,72,1
2.883333206176758,52,76,1
2.883333206176758,57,85,0
2.883333206176758,53,73,1
2.887500047683716,57,85,0
2.887500047683716,56,89,0
2.887500047683716,53,73,1
2.887500047683716,58,79,0
2.887500047683716,57,84,0
2.8916666507720947,57,84,0
2.8916666507720947,58,79,0
2.8916666507720947,57,85,0
2.8958334922790527,57,84,0
2.8958334922790527,58,79,0
2.8958334922790527,57,85,0
2.900000095367432,57,84,0
2.9041666984558105,54,94,0
2.9041666984558105,60,77,1
2.9041666984558105,50,67,0
2.9041666984558105,62,61,1
2.9041666984558105,57,82,0
2.9041666984558105,58,77,0
2.9041666984558105,65,74,1
2.9041666984558105,55,45,0
2.9041666984558105,62,62,1
2.9041666984558105,50,58,0
2.9041666984558105,67,91,0
2.9041666984558105,61,63,1
2.9041666984558105,62,105,1
2.9041666984558105,53,59,1
2.9041666984558105,53,61,1
2.9041666984558105,64,54,1
2.9041666984558105,56,68,0
2.9041666984558105,57,96,1
2.9041666984558105,54,23,1
2.9041666984558105,66,94,1
2.9041666984558105,52,76,1
2.9041666984558105,62,46,1
2.9041666984558105,56,60,0
2.9041666984558105,62,47,1
2.9041666984558105,49,67,0
2.9041666984558105,56,87,0
2.9041666984558105,51,78,1
2.9041666984558105,58,48,0
2.9041666984558105,57,34,1
2.9041666984558105,63,49,1
2.9041666984558105,55,64,0
2.9041666984558105,57,51,0
2.9041666984558105,57,53,0
2.9041666984558105,56,62,0
2.9041666984558105,63,59,1
2.9041666984558105,52,75,1
2.9041666984558105,54,69,1
2.9041666984558105,65,105,1
2.9041666984558105,51,100,1
2.9041666984558105,51,120,1
2.9041666984558105,66,57,1
2.9041666984558105,61,50,1
2.9041666984558105,69,90,1
2.9041666984558105,54,71,1
2.9041666984558105,57,57,0
2.9041666984558105,64,55,1
2.9041666984558105,58,78,0
2.9041666984558105,53,96,0
2.9041666984558105,53,73,1
2.9041666984558105,65,51,0
2.9041666984558105,60,69,1
2.9041666984558105,56,89,0
2.9041666984558105,53,25,1
2.9041666984558105,49,100,1
2.9041666984558105,55,44,0
2.9041666984558105,55,20,1
2.9041666984558105,50,120,1
2.9041666984558105,58,76,0
2.9041666984558105,50,57,0
2.9041666984558105,53,69,1
2.9041666984558105,56,67,0
2.9041666984558105,56,59,0
2.9041666984558105,67,47,1
2.9041666984558105,60,32,1
2.9041666984558105,53,74,1
2.9041666984558105,56,85,0
2.9041666984558105,57,83,0
2.9041666984558105,55,41,0
2.9041666984558105,62,115,1
2.9041666984558105,56,86,0
2.9041666984558105,61,64,1
2.9041666984558105,54,68,1
2.9041666984558105,55,29,0
2.9041666984558105,55,93,0
2.9041666984558105,56,35,1
2.9041666984558105,51,73,0
2.9041666984558105,56,61,0
2.9041666984558105,51,74,0
2.9041666984558105,53,60,1
2.9041666984558105,60,68,1
2.9041666984558105,54,70,1
2.9041666984558105,56,88,0
2.9041666984558105,49,99,1
2.9041666984558105,52,36,1
2.9041666984558105,67,75,1
2.9041666984558105,64,53,1
2.9041666984558105,50,72,0
2.9041666984558105,57,84,0
2.9041666984558105,50,121,1
2.9041666984558105,65,52,0
2.9041666984558105,50,60,0
2.9041666984558105,50,76,0
2.9041666984558105,51,72,0
2.9041666984558105,50,100,1
2.9041666984558105,63,48,1
2.9041666984558105,67,59,1
2.9041666984558105,55,39,0
2.9041666984558105,63,58,1
2.9041666984558105,55,47,0
2.9041666984558105,51,99,1
2.9041666984558105,58,18,1
2.9041666984558105,53,72,1
2.9041666984558105,54,95,0
2.9041666984558105,59,39,0
2.9041666984558105,60,67,1
2.9041666984558105,57,63,0
2.9041666984558105,64,56,1
2.9041666984558105,59,76,1
2.9041666984558105,52,77,1
2.9041666984558105,55,65,0
2.9041666984558105,63,57,1
2.9041666984558105,66,28,0
2.9041666984558105,70,71,1
2.9041666984558105,58,49,0
2.9041666984558105,62,52,1
2.9041666984558105,55,48,0
2.9041666984558105,66,68,1
2.9041666984558105,57,68,0
2.9041666984558105,58,79,0
2.9041666984558105,57,81,0
2.9041666984558105,58,69,0
2.9041666984558105,54,102,1
2.9041666984558105,53,97,0
2.9041666984558105,59,87,1
2.9041666984558105,69,69,1
2.9041666984558105,56,65,0
2.9041666984558105,56,18,1
2.9041666984558105,53,71,1
2.9041666984558105,56,58,0
2.9041666984558105,60,66,1
2.9041666984558105,49,124,1
2.9041666984558105,58,62,0
2.9041666984558105,62,104,1
2.9041666984558105,63,60,1
2.9041666984558105,64,57,1
2.9041666984558105,55,91,0
2.9041666984558105,55,92,0
2.9041666984558105,61,33,1
2.9041666984558105,54,43,0
2.9041666984558105,58,107,1
2.9041666984558105,57,80,0
2.9041666984558105,63,67,1
2.908333301544189,50,100,1
2.908333301544189,53,71,1
2.908333301544189,57,83,0
2.908333301544189,58,78,0
2.908333301544189,56,89,0
2.908333301544189,53,73,1
2.908333301544189,53,61,1
2.908333301544189,56,88,0
2.908333301544189,53,72,1
2.908333301544189,49,99,1
2.908333301544189,54,69,1
2.908333301544189,62,61,1
2.908333301544189,63,58,1
2.908333301544189,57,82,0
2.908333301544189,65,51,0
2.908333301544189,57,84,0
2.908333301544189,61,63,1
2.908333301544189,50,58,0
2.908333301544189,58,76,0
2.908333301544189,54,70,1
2.908333301544189,51,74,0
2.908333301544189,54,95,0
2.908333301544189,52,76,1
2.908333301544189,52,75,1
2.908333301544189,58,77,0
2.908333301544189,65,52,0
2.908333301544189,56,87,0
2.9125001430511475,65,51,0
2.9125001430511475,53,72,1
2.9125001430511475,52,75,1
2.9125001430511475,50,100,1
2.9125001430511475,57,83,0
2.9125001430511475,58,78,0
2.9125001430511475,58,77,0
2.9125001430511475,57,84,0
2.9125001430511475,56,89,0
2.9125001430511475,52,76,1
2.9125001430511475,57,82,0
2.9125001430511475,58,76,0
2.9166667461395264,58,77,0
2.9166667461395264,57,83,0
2.9166667461395264,56,89,0
2.9166667461395264,53,72,1
2.9166667461395264,58,78,0
2.9166667461395264,52,75,1
2.9208333492279053,58,78,0
2.9208333492279053,58,77,0
2.9208333492279053,56,89,0
2.9208333492279053,52,75,1
2.9208333492279053,53,72,1
2.9208333492279053,57,83,0
2.924999952316284,58,78,0
2.924999952316284,56,89,0
2.924999952316284,53,72,1
2.924999952316284,52,75,1
2.924999952316284,57,83,0
2.929166793823242,53,72,1
2.929166793823242,57,83,0
2.929166793823242,52,75,1
2.929166793823242,58,78,0
2.933333396911621,57,83,0
2.9375,53,57,1
2.9375,67,48,1
2.9375,57,82,0
2.9375,58,76,0
2.9375,58,16,1
2.9375,57,78,0
2.9375,53,56,1
2.9375,53,70,1
2.9375,65,45,1
2.9375,60,65,1
2.9375,54,69,1
2.9375,58,45,0
2.9375,58,23,0
2.9375,56,85,0
2.9375,51,100,1
2.9375,55,91,0
2.9375,50,79,0
2.9375,54,94,0
2.9375,53,61,1
2.9375,49,80,0
2.9375,57,25,0
2.9375,56,89,0
2.9375,51,73,0
2.9375,51,78,1
2.9375,57,83,0
2.9375,55,64,0
2.9375,47,94,0
2.9375,55,90,0
2.9375,56,86,0
2.9375,50,67,0
2.9375,64,53,1
2.9375,56,112,0
2.9375,56,62,0
2.9375,53,98,0
2.9375,50,69,0
2.9375,53,124,0
2.9375,57,52,0
2.9375,58,35,0
2.9375,57,81,0
2.9375,53,97,0
2.9375,65,32,1
2.9375,50,78,0
2.9375,63,59,1
2.9375,58,47,0
2.9375,55,31,0
2.9375,56,57,0
2.9375,51,74,0
2.9375,54,70,1
2.9375,59,35,0
2.9375,58,37,0
2.9375,50,100,1
2.9375,51,75,0
2.9375,60,66,1
2.9375,50,75,0
2.9375,55,106,1
2.9375,57,55,0
2.9375,56,93,1
2.9375,57,50,0
2.9375,53,72,1
2.9375,56,84,0
2.9375,55,63,0
2.9375,69,74,1
2.9375,58,118,0
2.9375,62,61,1
2.9375,55,94,0
2.9375,63,56,1
2.9375,59,38,0
2.9375,53,62,1
2.9375,55,46,0
2.9375,67,33,0
2.9375,55,66,0
2.9375,63,48,1
2.9375,63,58,1
2.9375,64,54,1
2.9375,52,76,1
2.9375,52,74,1
2.9375,54,68,1
2.9375,50,71,0
2.9375,62,60,1
2.9375,60,39,1
2.9375,58,77,0
2.9375,54,24,1
2.9375,50,99,1
2.9375,54,95,0
2.9375,63,57,1
2.9375,64,52,1
2.9375,55,19,1
2.9375,55,114,1
2.9375,56,67,0
2.9375,53,73,1
2.9375,57,19,1
2.9375,66,29,0
2.9375,54,67,1
2.9375,56,59,0
2.9375,56,88,0
2.9375,70,90,1
2.9375,57,77,0
2.9375,52,75,1
2.9375,56,27,0
2.9375,52,38,1
2.9375,55,28,0
2.9375,60,40,1
2.9375,52,98,0
2.9375,56,60,0
2.9375,60,68,1
2.9375,51,76,0
2.9375,61,43,1
2.9375,69,126,1
2.9375,64,25,1
2.9375,50,70,0
2.9375,50,68,0
2.9375,49,99,1
2.9375,65,43,1
2.9375,55,45,0
2.9375,58,46,0
2.9375,53,58,1
2.9375,59,69,1
2.9375,55,92,0
2.9375,56,87,0
2.9375,57,107,1
2.9375,57,51,0
2.9375,57,79,0
2.9375,65,51,0
2.9375,58,42,0
2.9375,52,99,0
2.9375,58,92,1
2.9375,57,80,0
2.9375,53,71,1
2.9375,57,54,0
2.9375,67,52,1
2.941666603088379,52,75,1
2.941666603088379,58,76,0
2.941666603088379,51,73,0
2.941666603088379,54,95,0
2.941666603088379,57,78,0
2.941666603088379,63,56,1
2.941666603088379,57,83,0
2.941666603088379,57,82,0
2.941666603088379,57,80,0
2.941666603088379,51,75,0
2.941666603088379,55,92,0
2.941666603088379,54,69,1
2.941666603088379,50,68,0
2.941666603088379,53,70,1
2.941666603088379,56,87,0
2.941666603088379,53,72,1
2.941666603088379,52,74,1
2.941666603088379,56,86,0
2.941666603088379,50,67,0
2.941666603088379,56,88,0
2.941666603088379,55,91,0
2.941666603088379,57,79,0
2.941666603088379,56,84,0
2.941666603088379,53,71,1
2.941666603088379,58,77,0
2.941666603088379,57,81,0
2.941666603088379,53,73,1
2.945833444595337,53,71,1
2.945833444595337,56,88,0
2.945833444595337,51,75,0
2.945833444595337,58,77,0
2.945833444595337,58,76,0
2.945833444595337,52,74,1
2.945833444595337,55,92,0
2.945833444595337,50,68,0
2.945833444595337,53,70,1
2.945833444595337,57,81,0
2.945833444595337,53,72,1
2.945833444595337,57,82,0
2.950000047683716,55,92,0
2.950000047683716,58,76,0
2.950000047683716,58,77,0
2.950000047683716,52,74,1
2.950000047683716,57,82,0
2.950000047683716,56,88,0
2.950000047683716,57,81,0
2.950000047683716,53,71,1
2.950000047683716,53,70,1
2.9541666507720947,53,71,1
2.9541666507720947,52,74,1
2.9541666507720947,55,92,0
2.9541666507720947,57,82,0
2.9541666507720947,58,76,0
2.9541666507720947,58,77,0
2.9541666507720947,56,88,0
2.9583332538604736,52,74,1
2.9583332538604736,58,76,0
2.9583332538604736,57,82,0
2.9583332538604736,53,71,1
2.9583332538604736,56,88,0
2.962500095367432,53,71,1
2.962500095367432,52,74,1
2.962500095367432,57,82,0
2.9666666984558105,53,71,1
2.9666666984558105,57,82,0
2.970833301544189,62,59,1
2.970833301544189,51,74,0
2.970833301544189,49,108,1
2.970833301544189,60,81,1
2.970833301544189,64,31,1
2.970833301544189,53,61,1
2.970833301544189,65,26,1
2.970833301544189,60,64,1
2.970833301544189,65,70,0
2.970833301544189,56,51,0
2.970833301544189,64,51,1
2.970833301544189,59,66,1
2.970833301544189,58,80,0
2.970833301544189,54,69,1
2.970833301544189,66,27,0
2.970833301544189,49,118,1
2.970833301544189,53,97,0
2.970833301544189,57,77,0
2.970833301544189,60,83,1
2.970833301544189,50,100,1
2.970833301544189,54,96,0
2.970833301544189,64,24,1
2.970833301544189,59,87,0
2.970833301544189,57,81,0
2.970833301544189,50,77,0
2.970833301544189,53,62,1
2.970833301544189,55,67,0
2.970833301544189,50,68,0
2.970833301544189,54,42,0
2.970833301544189,56,17,1
2.970833301544189,57,79,0
2.970833301544189,52,71,1
2.970833301544189,56,61,0
2.970833301544189,56,29,0
2.970833301544189,63,56,1
2.970833301544189,61,61,1
2.970833301544189,65,88,1
2.970833301544189,53,115,1
2.970833301544189,52,75,1
2.970833301544189,55,90,0
2.970833301544189,52,73,1
2.970833301544189,56,53,0
2.970833301544189,49,65,0
2.970833301544189,56,85,0
2.970833301544189,56,84,0
2.970833301544189,53,28,1
2.970833301544189,50,73,0
2.970833301544189,51,78,1
2.970833301544189,49,99,1
2.970833301544189,66,86,1
2.970833301544189,55,44,0
2.970833301544189,69,63,1
2.970833301544189,55,45,0
2.970833301544189,49,63,0
2.970833301544189,53,70,1
2.970833301544189,53,27,1
2.970833301544189,56,83,0
2.970833301544189,70,71,1
2.970833301544189,54,93,0
2.970833301544189,51,79,1
2.970833301544189,61,51,1
2.970833301544189,53,30,1
2.970833301544189,55,43,0
2.970833301544189,70,81,1
2.970833301544189,59,69,1
2.970833301544189,56,87,0
2.970833301544189,63,54,1
2.970833301544189,62,60,1
2.970833301544189,54,63,1
2.970833301544189,58,24,0
2.970833301544189,71,72,1
2.970833301544189,64,53,1
2.970833301544189,61,63,1
2.970833301544189,53,60,1
2.970833301544189,61,76,1
2.970833301544189,58,39,0
2.970833301544189,58,57,0
2.970833301544189,57,78,0
2.970833301544189,52,74,1
2.970833301544189,55,40,0
2.970833301544189,64,50,1
2.970833301544189,55,63,0
2.970833301544189,63,55,1
2.970833301544189,59,104,1
2.970833301544189,55,92,0
2.970833301544189,55,30,0
2.970833301544189,53,73,1
2.970833301544189,55,91,0
2.970833301544189,52,76,1
2.970833301544189,59,109,1
2.970833301544189,60,85,1
2.970833301544189,56,58,0
2.970833301544189,57,56,0
2.970833301544189,69,60,1
2.970833301544189,54,68,1
2.970833301544189,55,61,0
2.970833301544189,56,88,0
2.970833301544189,62,58,1
2.970833301544189,55,62,0
2.970833301544189,63,127,0
2.970833301544189,64,52,1
2.970833301544189,54,22,1
2.970833301544189,51,75,0
2.970833301544189,56,86,0
2.970833301544189,53,69,1
2.970833301544189,67,34,0
2.970833301544189,51,77,1
2.970833301544189,51,72,0
2.970833301544189,73,57,1
2.970833301544189,61,62,1
2.970833301544189,53,72,1
2.970833301544189,56,54,0
2.970833301544189,55,32,0
2.970833301544189,64,23,1
2.970833301544189,53,71,1
2.970833301544189,56,55,0
2.970833301544189,69,52,1
2.970833301544189,55,47,0
2.970833301544189,56,56,0
2.970833301544189,57,80,0
2.9749999046325684,56,87,0
2.9749999046325684,54,68,1
2.9749999046325684,57,78,0
2.9749999046325684,63,127,0
2.9749999046325684,54,69,1
2.9749999046325684,53,71,1
2.9749999046325684,52,73,1
2.9749999046325684,56,88,0
2.9749999046325684,50,100,1
2.9749999046325684,53,70,1
2.9749999046325684,53,72,1
2.9749999046325684,53,69,1
2.9749999046325684,52,74,1
2.9749999046325684,55,92,0
2.9749999046325684,63,55,1
2.9749999046325684,57,79,0
2.9749999046325684,52,75,1
2.9749999046325684,57,81,0
2.9749999046325684,57,80,0
2.9749999046325684,51,77,1
2.9791667461395264,52,73,1
2.9791667461395264,50,100,1
2.9791667461395264,56,87,0
2.9791667461395264,52,74,1
2.9791667461395264,57,80,0
2.9791667461395264,57,79,0
2.9791667461395264,56,88,0
2.9791667461395264,53,70,1
2.9791667461395264,53,71,1
2.9791667461395264,53,69,1
2.9791667461395264,57,81,0
2.9791667461395264,55,92,0
2.9833333492279053,57,81,0
2.9833333492279053,52,73,1
2.9833333492279053,56,87,0
2.9833333492279053,57,80,0
2.9833333492279053,56,88,0
2.9833333492279053,53,70,1
2.987499952316284,52,73,1
2.987499952316284,57,81,0
2.987499952316284,56,87,0
2.987499952316284,53,70,1
2.991666555404663,56,87,0
2.991666555404663,53,70,1
2.991666555404663,52,73,1
2.991666555404663,57,81,0
2.995833396911621,53,70,1
2.995833396911621,52,73,1
3.0,52,73,1
3.0047619342803955,60,64,1
3.0047619342803955,60,104,1
3.0047619342803955,53,70,1
3.0047619342803955,56,85,0
3.0047619342803955,59,66,1
3.0047619342803955,57,80,0
3.0047619342803955,62,57,1
3.0047619342803955,60,21,1
3.0047619342803955,55,92,0
3.0047619342803955,66,24,0
3.0047619342803955,52,72,1
3.0047619342803955,55,63,0
3.0047619342803955,62,59,1
3.0047619342803955,59,39,1
3.0047619342803955,55,68,0
3.0047619342803955,55,61,0
3.0047619342803955,62,48,1
3.0047619342803955,63,53,1
3.0047619342803955,53,72,1
3.0047619342803955,56,52,0
3.0047619342803955,54,41,0
3.0047619342803955,55,67,0
3.0047619342803955,63,115,1
3.0047619342803955,63,54,1
3.0047619342803955,54,94,0
3.0047619342803955,57,77,0
3.0047619342803955,53,97,0
3.0047619342803955,56,126,0
3.0047619342803955,56,82,0
3.0047619342803955,52,73,1
3.0047619342803955,57,43,0
3.0047619342803955,52,96,1
3.0047619342803955,55,58,0
3.0047619342803955,53,117,1
3.0047619342803955,57,53,0
3.0047619342803955,51,74,0
3.0047619342803955,53,71,1
3.0047619342803955,57,76,0
3.0047619342803955,50,57,0
3.0047619342803955,55,59,0
3.0047619342803955,55,65,0
3.0047619342803955,57,79,0
3.0047619342803955,54,67,1
3.0047619342803955,54,45,1
3.0047619342803955,50,56,0
3.0047619342803955,57,45,0
3.0047619342803955,63,51,1
3.0047619342803955,58,38,0
3.0047619342803955,60,63,1
3.0047619342803955,52,54,1
3.0047619342803955,50,70,0
3.0047619342803955,56,83,0
3.0047619342803955,57,46,0
3.0047619342803955,60,62,1
3.0047619342803955,50,58,0
3.0047619342803955,61,60,1
3.0047619342803955,51,76,1
3.0047619342803955,64,29,1
3.0047619342803955,55,60,0
3.0047619342803955,55,91,0
3.0047619342803955,57,84,0
3.0047619342803955,53,69,1
3.0047619342803955,56,84,0
3.0047619342803955,55,62,0
3.0047619342803955,66,53,0
3.0047619342803955,56,57,0
3.0047619342803955,55,44,0
3.0047619342803955,56,95,1
3.0047619342803955,62,55,1
3.0047619342803955,59,68,1
3.0047619342803955,55,89,0
3.0047619342803955,51,77,1
3.0047619342803955,59,76,1
3.0047619342803955,56,26,0
3.0047619342803955,60,65,1
3.0047619342803955,60,102,1
3.0047619342803955,64,73,0
3.0047619342803955,55,51,1
3.0047619342803955,50,69,0
3.0047619342803955,62,58,1
3.0047619342803955,54,68,1
3.0047619342803955,52,99,0
3.0047619342803955,54,93,0
3.0047619342803955,56,50,0
3.0047619342803955,50,59,0
3.0047619342803955,63,52,1
3.0047619342803955,52,75,1
3.0047619342803955,62,49,1
3.0047619342803955,52,74,1
3.0047619342803955,49,81,0
3.0047619342803955,54,108,1
3.0047619342803955,53,96,0
3.0047619342803955,58,76,0
3.0047619342803955,59,87,1
3.0047619342803955,56,87,0
3.0047619342803955,62,76,1
3.0047619342803955,57,41,0
3.0047619342803955,59,33,0
3.0047619342803955,54,95,0
3.0047619342803955,49,62,0
3.0047619342803955,63,50,1
3.0047619342803955,53,68,1
3.0047619342803955,56,86,0
3.0047619342803955,51,73,0
3.0047619342803955,55,90,0
3.0047619342803955,57,78,0
3.0047619342803955,61,61,1
3.0047619342803955,59,67,1
3.0047619342803955,56,118,0
3.009523868560791,55,91,0
3.009523868560791,53,68,1
3.009523868560791,53,97,0
3.009523868560791,54,94,0
3.009523868560791,56,86,0
3.009523868560791,56,85,0
3.009523868560791,56,87,0
3.009523868560791,53,70,1
3.009523868560791,51,73,0
3.009523868560791,53,69,1
3.009523868560791,51,76,1
3.009523868560791,52,72,1
3.009523868560791,57,79,0
3.009523868560791,57,77,0
3.009523868560791,57,76,0
3.009523868560791,62,57,1
3.009523868560791,57,78,0
3.009523868560791,56,84,0
3.009523868560791,57,80,0
3.009523868560791,52,73,1
3.009523868560791,52,74,1
3.009523868560791,55,44,0
3.0142858028411865,56,86,0
3.0142858028411865,56,87,0
3.0142858028411865,52,73,1
3.0142858028411865,53,69,1
3.0142858028411865,57,79,0
3.0142858028411865,53,68,1
3.0142858028411865,53,70,1
3.0142858028411865,57,78,0
3.0142858028411865,52,72,1
3.0142858028411865,57,80,0
3.019047498703003,53,68,1
3.019047498703003,57,79,0
3.019047498703003,56,86,0
3.019047498703003,57,80,0
3.019047498703003,56,87,0
3.019047498703003,52,72,1
3.019047498703003,53,69,1
3.019047498703003,52,73,1
3.0238094329833984,56,86,0
3.0238094329833984,53,69,1
3.0238094329833984,57,79,0
3.0238094329833984,52,72,1
3.0238094329833984,56,87,0
3.028571367263794,52,72,1
3.028571367263794,56,87,0
3.028571367263794,57,79,0
3.028571367263794,53,69,1
3.033333301544189,53,69,1
3.033333301544189,57,79,0
3.037036895751953,50,66,0
3.037036895751953,53,70,1
3.037036895751953,55,52,1
3.037036895751953,76,54,1
3.037036895751953,57,26,0
3.037036895751953,57,40,0
3.037036895751953,56,96,1
3.037036895751953,53,96,0
3.037036895751953,55,93,1
3.037036895751953,65,70,0
3.037036895751953,55,123,1
3.037036895751953,55,57,0
3.037036895751953,49,68,0
3.037036895751953,55,89,0
3.037036895751953,51,77,1
3.037036895751953,51,73,0
3.037036895751953,56,85,0
3.037036895751953,53,64,1
3.037036895751953,54,39,0
3.037036895751953,49,66,0
3.037036895751953,56,82,0
3.037036895751953,57,76,0
3.037036895751953,55,59,0
3.037036895751953,55,20,1
3.037036895751953,59,67,1
3.037036895751953,53,71,1
3.037036895751953,50,68,0
3.037036895751953,55,92,0
3.037036895751953,50,72,0
3.037036895751953,70,72,1
3.037036895751953,58,22,0
3.037036895751953,70,82,1
3.037036895751953,56,80,0
3.037036895751953,55,91,0
3.037036895751953,52,74,1
3.037036895751953,57,75,0
3.037036895751953,52,98,0
3.037036895751953,54,94,0
3.037036895751953,53,69,1
3.037036895751953,64,21,1
3.037036895751953,54,66,1
3.037036895751953,49,99,1
3.037036895751953,65,29,1
3.037036895751953,59,68,1
3.037036895751953,55,49,1
3.037036895751953,67,91,1
3.037036895751953,55,38,0
3.037036895751953,62,55,1
3.037036895751953,57,78,0
3.037036895751953,56,53,0
3.037036895751953,55,46,0
3.037036895751953,60,117,0
3.037036895751953,55,60,0
3.037036895751953,56,81,0
3.037036895751953,72,122,1
3.037036895751953,60,63,1
3.037036895751953,56,83,0
3.037036895751953,68,102,1
3.037036895751953,59,65,1
3.037036895751953,55,90,0
3.037036895751953,55,56,0
3.037036895751953,67,51,1
3.037036895751953,51,56,0
3.037036895751953,53,62,1
3.037036895751953,53,29,1
3.037036895751953,49,100,1
3.037036895751953,49,102,1
3.037036895751953,53,61,1
3.037036895751953,53,66,1
3.037036895751953,62,56,1
3.037036895751953,65,79,1
3.037036895751953,69,61,1
3.037036895751953,51,75,1
3.037036895751953,52,71,1
3.037036895751953,50,57,0
3.037036895751953,70,76,1
3.037036895751953,61,60,1
3.037036895751953,62,53,1
3.037036895751953,56,45,0
3.037036895751953,70,83,1
3.037036895751953,56,25,0
3.037036895751953,51,76,1
3.037036895751953,70,71,1
3.037036895751953,57,77,0
3.037036895751953,63,51,1
3.037036895751953,67,44,1
3.037036895751953,53,97,0
3.037036895751953,61,59,1
3.037036895751953,50,71,0
3.037036895751953,55,50,1
3.037036895751953,71,81,1
3.037036895751953,71,123,1
3.037036895751953,52,73,1
3.037036895751953,54,63,0
3.037036895751953,52,99,0
3.037036895751953,62,110,0
3.037036895751953,50,69,0
3.037036895751953,65,90,1
3.037036895751953,50,55,0
3.037036895751953,64,113,1
3.037036895751953,56,18,1
3.037036895751953,59,110,1
3.037036895751953,66,60,0
3.037036895751953,55,51,1
3.037036895751953,52,72,1
3.037036895751953,56,84,0
3.037036895751953,65,28,1
3.037036895751953,53,68,1
3.037036895751953,63,52,1
3.037036895751953,50,67,0
3.037036895751953,54,67,1
3.037036895751953,70,79,1
3.037036895751953,65,31,1
3.037036895751953,50,58,0
3.037036895751953,56,86,0
3.037036895751953,56,22,1
3.037036895751953,57,79,0
3.037036895751953,53,67,1
3.037036895751953,51,74,0
3.037036895751953,63,53,1
3.037036895751953,60,62,1
3.037036895751953,55,88,0
3.037036895751953,53,65,1
3.037036895751953,59,64,1
3.037036895751953,56,49,0
3.040740489959717,56,86,0
3.040740489959717,50,57,0
3.040740489959717,53,64,1
3.040740489959717,56,85,0
3.040740489959717,51,75,1
3.040740489959717,56,83,0
3.040740489959717,57,77,0
3.040740489959717,55,50,1
3.040740489959717,53,70,1
3.040740489959717,55,51,1
3.040740489959717,52,72,1
3.040740489959717,53,65,1
3.040740489959717,50,68,0
3.040740489959717,57,78,0
3.040740489959717,51,76,1
3.040740489959717,52,73,1
3.040740489959717,53,67,1
3.040740489959717,55,91,0
3.040740489959717,53,66,1
3.040740489959717,53,62,1
3.040740489959717,54,94,0
3.040740489959717,52,71,1
3.040740489959717,57,79,0
3.040740489959717,53,69,1
3.040740489959717,53,68,1
3.040740489959717,56,84,0
3.04444432258606,53,68,1
3.04444432258606,55,91,0
3.04444432258606,56,86,0
3.04444432258606,56,85,0
3.04444432258606,53,66,1
3.04444432258606,57,77,0
3.04444432258606,51,75,1
3.04444432258606,53,65,1
3.04444432258606,52,72,1
3.04444432258606,57,78,0
3.04444432258606,56,84,0
3.04444432258606,54,94,0
3.04444432258606,50,68,0
3.04444432258606,55,50,1
3.04444432258606,52,71,1
3.04444432258606,53,67,1
3.0481481552124023,57,77,0
3.0481481552124023,55,91,0
3.0481481552124023,51,75,1
3.0481481552124023,55,50,1
3.0481481552124023,52,71,1
3.0481481552124023,56,86,0
3.0481481552124023,53,68,1
3.0481481552124023,52,72,1
3.0481481552124023,57,78,0
3.0481481552124023,53,65,1
3.0481481552124023,53,67,1
3.051851749420166,53,67,1
3.051851749420166,55,50,1
3.051851749420166,52,72,1
3.051851749420166,53,68,1
3.051851749420166,52,71,1
3.051851749420166,53,65,1
3.051851749420166,57,78,0
3.051851749420166,56,86,0
3.0555553436279297,53,67,1
3.0555553436279297,57,78,0
3.0555553436279297,53,65,1
3.0555553436279297,52,71,1
3.0555553436279297,55,50,1
3.0555553436279297,53,68,1
3.0555553436279297,56,86,0
3.0592591762542725,56,86,0
3.0592591762542725,57,78,0
3.0592591762542725,53,67,1
3.0592591762542725,53,65,1
3.0592591762542725,53,68,1
3.0629630088806152,53,67,1
3.0629630088806152,57,78,0
3.066666603088379,57,78,0
3.0714285373687744,56,68,0
3.0714285373687744,55,62,0
3.0714285373687744,55,21,1
3.0714285373687744,67,62,1
3.0714285373687744,56,55,0
3.0714285373687744,51,123,0
3.0714285373687744,53,69,1
3.0714285373687744,52,70,1
3.0714285373687744,57,49,0
3.0714285373687744,67,66,1
3.0714285373687744,58,103,1
3.0714285373687744,53,51,1
3.0714285373687744,55,48,1
3.0714285373687744,53,35,1
3.0714285373687744,53,97,0
3.0714285373687744,56,81,0
3.0714285373687744,62,51,1
3.0714285373687744,70,72,1
3.0714285373687744,53,59,1
3.0714285373687744,52,99,0
3.0714285373687744,69,82,1
3.0714285373687744,46,91,0
3.0714285373687744,56,86,0
3.0714285373687744,53,62,1
3.0714285373687744,57,76,0
3.0714285373687744,59,66,1
3.0714285373687744,57,39,0
3.0714285373687744,53,63,1
3.0714285373687744,55,42,0
3.0714285373687744,69,71,1
3.0714285373687744,51,75,1
3.0714285373687744,50,100,1
3.0714285373687744,56,82,0
3.0714285373687744,54,110,1
3.0714285373687744,53,61,1
3.0714285373687744,71,71,1
3.0714285373687744,63,50,1
3.0714285373687744,51,76,1
3.0714285373687744,62,56,1
3.0714285373687744,53,65,1
3.0714285373687744,53,67,1
3.0714285373687744,65,122,0
3.0714285373687744,49,98,1
3.0714285373687744,61,34,1
3.0714285373687744,59,36,0
3.0714285373687744,56,79,0
3.0714285373687744,66,25,0
3.0714285373687744,66,87,1
3.0714285373687744,53,34,1
3.0714285373687744,54,42,0
3.0714285373687744,52,71,1
3.0714285373687744,61,56,1
3.0714285373687744,54,25,1
3.0714285373687744,56,85,0
3.0714285373687744,55,58,0
3.0714285373687744,53,64,1
3.0714285373687744,61,57,1
3.0714285373687744,55,88,0
3.0714285373687744,62,47,1
3.0714285373687744,58,118,1
3.0714285373687744,59,44,1
3.0714285373687744,55,55,0
3.0714285373687744,66,72,1
3.0714285373687744,58,44,1
3.0714285373687744,67,46,1
3.0714285373687744,55,90,0
3.0714285373687744,50,68,0
3.0714285373687744,61,58,1
3.0714285373687744,51,74,1
3.0714285373687744,53,60,1
3.0714285373687744,66,28,0
3.0714285373687744,62,55,1
3.0714285373687744,65,44,1
3.0714285373687744,53,68,1
3.0714285373687744,56,80,0
3.0714285373687744,57,40,0
3.0714285373687744,68,66,1
3.0714285373687744,55,91,0
3.0714285373687744,53,66,1
3.0714285373687744,55,49,1
3.0714285373687744,54,94,0
3.0714285373687744,49,67,0
3.0714285373687744,57,38,0
3.0714285373687744,54,93,0
3.0714285373687744,62,54,1
3.0714285373687744,69,49,1
3.0714285373687744,62,57,1
3.0714285373687744,56,63,0
3.0714285373687744,56,84,0
3.0714285373687744,54,52,1
3.0714285373687744,61,48,1
3.0714285373687744,55,127,1
3.0714285373687744,55,50,1
3.0714285373687744,63,52,1
3.0714285373687744,66,26,0
3.0714285373687744,61,47,1
3.0714285373687744,56,44,0
3.0714285373687744,51,100,1
3.0714285373687744,52,72,1
3.0714285373687744,66,84,1
3.0714285373687744,52,73,1
3.0714285373687744,57,77,0
3.0714285373687744,55,51,1
3.0714285373687744,56,83,0
3.0714285373687744,59,63,1
3.0714285373687744,60,61,1
3.0714285373687744,65,45,1
3.0714285373687744,55,87,0
3.07619047164917,56,83,0
3.07619047164917,53,64,1
3.07619047164917,52,71,1
3.07619047164917,53,63,1
3.07619047164917,55,50,1
3.07619047164917,55,91,0
3.07619047164917,55,49,1
3.07619047164917,57,76,0
3.07619047164917,56,82,0
3.07619047164917,56,84,0
3.07619047164917,53,66,1
3.07619047164917,52,70,1
3.07619047164917,53,67,1
3.07619047164917,53,62,1
3.07619047164917,57,77,0
3.07619047164917,52,72,1
3.07619047164917,53,65,1
3.07619047164917,56,85,0
3.07619047164917,53,68,1
3.07619047164917,54,94,0
3.07619047164917,51,75,1
3.080952405929565,53,64,1
3.080952405929565,53,67,1
3.080952405929565,55,49,1
3.080952405929565,57,77,0
3.080952405929565,52,71,1
3.080952405929565,53,63,1
3.080952405929565,52,70,1
3.080952405929565,56,84,0
3.080952405929565,53,66,1
3.080952405929565,55,91,0
3.080952405929565,56,85,0
3.085714101791382,52,71,1
3.085714101791382,56,85,0
3.085714101791382,56,84,0
3.085714101791382,52,70,1
3.085714101791382,57,77,0
3.085714101791382,55,49,1
3.085714101791382,53,64,1
3.085714101791382,53,66,1
3.0904760360717773,53,66,1
3.0904760360717773,56,85,0
3.0904760360717773,55,49,1
3.0904760360717773,53,64,1
3.0904760360717773,57,77,0
3.0904760360717773,52,70,1
3.095237970352173,56,85,0
3.095237970352173,53,64,1
3.095237970352173,57,77,0
3.0999999046325684,56,85,0
3.0999999046325684,57,77,0
3.103703498840332,62,54,1
3.103703498840332,51,75,1
3.103703498840332,57,75,0
3.103703498840332,55,50,1
3.103703498840332,59,63,1
3.103703498840332,52,72,1
3.103703498840332,68,101,1
3.103703498840332,53,64,1
3.103703498840332,61,35,1
3.103703498840332,66,97,0
3.103703498840332,54,94,0
3.103703498840332,54,63,0
3.103703498840332,55,127,1
3.103703498840332,55,86,0
3.103703498840332,63,37,0
3.103703498840332,57,21,1
3.103703498840332,52,99,0
3.103703498840332,56,81,0
3.103703498840332,56,43,0
3.103703498840332,52,110,0
3.103703498840332,56,28,0
3.103703498840332,59,62,1
3.103703498840332,48,102,0
3.103703498840332,56,83,0
3.103703498840332,52,73,1
3.103703498840332,64,106,1
3.103703498840332,53,68,1
3.103703498840332,55,49,1
3.103703498840332,54,52,1
3.103703498840332,50,80,1
3.103703498840332,56,80,0
3.103703498840332,53,69,1
3.103703498840332,56,78,0
3.103703498840332,58,110,1
3.103703498840332,61,59,1
3.103703498840332,53,96,0
3.103703498840332,53,67,1
3.103703498840332,53,63,1
3.103703498840332,50,100,1
3.103703498840332,56,84,0
3.103703498840332,61,57,1
3.103703498840332,56,40,0
3.103703498840332,56,51,0
3.103703498840332,56,79,0
3.103703498840332,63,127,0
3.103703498840332,55,48,1
3.103703498840332,55,57,0
3.103703498840332,54,48,0
3.103703498840332,56,56,0
3.103703498840332,49,105,1
3.103703498840332,54,126,0
3.103703498840332,55,45,1
3.103703498840332,52,69,1
3.103703498840332,57,112,1
3.103703498840332,53,65,1
3.103703498840332,50,99,1
3.103703498840332,66,39,1
3.103703498840332,52,71,1
3.103703498840332,57,78,0
3.103703498840332,66,30,0
3.103703498840332,69,60,1
3.103703498840332,61,56,1
3.103703498840332,61,58,1
3.103703498840332,62,53,1
3.103703498840332,58,65,1
3.103703498840332,59,64,1
3.103703498840332,56,52,0
3.103703498840332,53,66,1
3.103703498840332,50,113,1
3.103703498840332,56,54,0
3.103703498840332,73,122,1
3.103703498840332,55,46,1
3.103703498840332,55,90,0
3.103703498840332,54,61,0
3.103703498840332,61,55,1
3.103703498840332,54,51,1
3.103703498840332,56,82,0
3.103703498840332,53,58,1
3.103703498840332,55,89,0
3.103703498840332,55,91,0
3.103703498840332,51,74,1
3.103703498840332,66,29,0
3.103703498840332,51,76,1
3.103703498840332,60,60,1
3.103703498840332,55,122,1
3.103703498840332,57,80,0
3.103703498840332,61,40,1
3.103703498840332,57,76,0
3.103703498840332,67,54,1
3.103703498840332,54,109,1
3.103703498840332,52,70,1
3.103703498840332,62,52,1
3.103703498840332,68,60,1
3.103703498840332,70,75,1
3.103703498840332,55,44,1
3.103703498840332,49,99,1
3.103703498840332,54,41,0
3.103703498840332,55,47,1
3.103703498840332,57,24,0
3.103703498840332,57,77,0
3.103703498840332,65,69,0
3.103703498840332,65,52,0
3.103703498840332,58,76,1
3.103703498840332,56,41,0
3.103703498840332,50,67,0
3.107407331466675,52,71,1
3.107407331466675,53,67,1
3.107407331466675,56,82,0
3.107407331466675,55,91,0
3.107407331466675,55,45,1
3.107407331466675,57,76,0
3.107407331466675,55,44,1
3.107407331466675,55,49,1
3.107407331466675,56,83,0
3.107407331466675,55,90,0
3.107407331466675,54,94,0
3.107407331466675,53,66,1
3.107407331466675,51,74,1
3.107407331466675,52,69,1
3.107407331466675,53,64,1
3.107407331466675,55,48,1
3.107407331466675,55,46,1
3.107407331466675,52,70,1
3.107407331466675,55,47,1
3.107407331466675,54,52,1
3.107407331466675,56,80,0
3.107407331466675,53,65,1
3.107407331466675,54,51,1
3.107407331466675,53,63,1
3.107407331466675,56,84,0
3.1111109256744385,57,76,0
3.1111109256744385,52,70,1
3.1111109256744385,54,51,1
3.1111109256744385,56,84,0
3.1111109256744385,55,91,0
3.1111109256744385,55,44,1
3.1111109256744385,55,46,1
3.1111109256744385,51,74,1
3.1111109256744385,56,83,0
3.1111109256744385,55,45,1
3.1111109256744385,55,47,1
3.1111109256744385,55,48,1
3.114814758300781,55,44,1
3.114814758300781,52,70,1
3.114814758300781,57,76,0
3.114814758300781,56,84,0
3.114814758300781,55,48,1
3.114814758300781,51,74,1
3.114814758300781,55,45,1
3.114814758300781,56,83,0
3.114814758300781,55,47,1
3.114814758300781,55,46,1
3.118518352508545,56,84,0
3.118518352508545,52,70,1
3.118518352508545,55,45,1
3.118518352508545,55,46,1
3.118518352508545,55,48,1
3.118518352508545,51,74,1
3.118518352508545,55,44,1
3.118518352508545,55,47,1
3.122222185134888,56,84,0
3.122222185134888,52,70,1
3.122222185134888,55,45,1
3.122222185134888,51,74,1
3.122222185134888,55,46,1
3.1259260177612305,56,84,0
3.129629611968994,56,84,0
3.133333444595337,56,84,0
3.138889074325561,50,71,0
3.138889074325561,69,86,1
3.138889074325561,55,93,0
3.138889074325561,53,68,1
3.138889074325561,56,84,0
3.138889074325561,55,47,1
3.138889074325561,63,80,1
3.138889074325561,53,62,1
3.138889074325561,61,55,1
3.138889074325561,50,58,0
3.138889074325561,58,39,1
3.138889074325561,53,63,1
3.138889074325561,51,73,1
3.138889074325561,54,51,1
3.138889074325561,53,65,1
3.138889074325561,62,49,1
3.138889074325561,54,92,0
3.138889074325561,62,81,1
3.138889074325561,65,70,0
3.138889074325561,49,61,0
3.138889074325561,55,91,0
3.138889074325561,49,101,1
3.138889074325561,55,49,1
3.138889074325561,53,97,0
3.138889074325561,69,60,1
3.138889074325561,53,64,1
3.138889074325561,61,54,1
3.138889074325561,54,62,0
3.138889074325561,70,72,1
3.138889074325561,56,83,0
3.138889074325561,55,90,0
3.138889074325561,55,64,0
3.138889074325561,55,61,0
3.138889074325561,55,48,1
3.138889074325561,50,100,1
3.138889074325561,58,76,1
3.138889074325561,50,68,0
3.138889074325561,54,24,1
3.138889074325561,52,69,1
3.138889074325561,60,76,1
3.138889074325561,55,43,1
3.138889074325561,61,32,1
3.138889074325561,49,65,0
3.138889074325561,64,72,0
3.138889074325561,60,59,1
3.138889074325561,55,45,1
3.138889074325561,58,67,1
3.138889074325561,52,70,1
3.138889074325561,54,67,0
3.138889074325561,50,70,0
3.138889074325561,53,55,1
3.138889074325561,53,66,1
3.138889074325561,56,126,0
3.138889074325561,58,68,1
3.138889074325561,56,39,0
3.138889074325561,64,35,0
3.138889074325561,46,92,0
3.138889074325561,70,62,1
3.138889074325561,56,80,0
3.138889074325561,52,71,1
3.138889074325561,55,87,0
3.138889074325561,51,72,0
3.138889074325561,51,76,1
3.138889074325561,54,93,0
3.138889074325561,60,60,1
3.138889074325561,52,99,0
3.138889074325561,58,69,1
3.138889074325561,50,74,0
3.138889074325561,55,44,1
3.138889074325561,51,75,1
3.138889074325561,69,61,1
3.138889074325561,60,124,1
3.138889074325561,56,81,0
3.138889074325561,70,70,1
3.138889074325561,56,78,0
3.138889074325561,68,85,1
3.138889074325561,62,50,1
3.138889074325561,56,77,0
3.138889074325561,52,72,1
3.138889074325561,64,74,0
3.138889074325561,50,57,0
3.138889074325561,71,73,1
3.138889074325561,55,85,0
3.138889074325561,66,60,0
3.138889074325561,48,82,0
3.138889074325561,53,67,1
3.138889074325561,56,79,0
3.138889074325561,49,100,1
3.138889074325561,54,23,1
3.138889074325561,57,76,0
3.138889074325561,50,69,0
3.138889074325561,54,50,1
3.138889074325561,51,74,1
3.138889074325561,53,57,1
3.138889074325561,55,88,0
3.138889074325561,54,96,1
3.138889074325561,53,95,0
3.138889074325561,55,89,0
3.138889074325561,54,59,0
3.138889074325561,54,60,0
3.138889074325561,59,108,1
3.138889074325561,56,82,0
3.138889074325561,55,46,1
3.144444704055786,55,45,1
3.144444704055786,52,70,1
3.144444704055786,70,72,1
3.144444704055786,50,69,0
3.144444704055786,53,63,1
3.144444704055786,56,83,0
3.144444704055786,56,81,0
3.144444704055786,54,50,1
3.144444704055786,50,57,0
3.144444704055786,55,49,1
3.144444704055786,56,82,0
3.144444704055786,55,46,1
3.144444704055786,51,73,1
3.144444704055786,55,90,0
3.144444704055786,52,99,0
3.144444704055786,55,44,1
3.144444704055786,55,47,1
3.144444704055786,51,74,1
3.144444704055786,52,69,1
3.150000095367432,53,63,1
3.150000095367432,52,70,1
3.150000095367432,56,83,0
3.150000095367432,51,74,1
3.150000095367432,50,69,0
3.150000095367432,56,82,0
3.150000095367432,51,73,1
3.150000095367432,52,69,1
3.150000095367432,55,44,1
3.150000095367432,55,90,0
3.155555725097656,56,82,0
3.155555725097656,52,69,1
3.155555725097656,56,83,0
3.155555725097656,55,90,0
3.155555725097656,51,73,1
3.1611111164093018,56,82,0
3.1611111164093018,56,83,0
3.1611111164093018,51,73,1
3.1611111164093018,52,69,1
3.1666667461395264,56,83,0
3.1666667461395264,52,69,1
3.172222375869751,54,44,1
3.172222375869751,49,60,0
3.172222375869751,62,53,1
3.172222375869751,53,96,0
3.172222375869751,51,74,1
3.172222375869751,71,84,1
3.172222375869751,48,97,0
3.172222375869751,54,42,0
3.172222375869751,52,97,0
3.172222375869751,54,61,0
3.172222375869751,54,51,1
3.172222375869751,52,99,0
3.172222375869751,50,59,0
3.172222375869751,54,93,0
3.172222375869751,55,89,0
3.172222375869751,53,49,0
3.172222375869751,56,82,0
3.172222375869751,55,48,1
3.172222375869751,55,56,0
3.172222375869751,56,59,0
3.172222375869751,55,44,1
3.172222375869751,62,52,1
3.172222375869751,54,52,1
3.172222375869751,53,62,1
3.172222375869751,52,72,1
3.172222375869751,48,101,0
3.172222375869751,60,61,1
3.172222375869751,70,72,1
3.172222375869751,61,53,1
3.172222375869751,53,67,1
3.172222375869751,57,79,0
3.172222375869751,53,63,1
3.172222375869751,55,45,1
3.172222375869751,54,94,0
3.172222375869751,56,77,0
3.172222375869751,66,79,1
3.172222375869751,52,68,1
3.172222375869751,55,47,1
3.172222375869751,56,78,0
3.172222375869751,56,79,0
3.172222375869751,55,43,1
3.172222375869751,51,75,1
3.172222375869751,52,69,1
3.172222375869751,51,73,1
3.172222375869751,54,41,0
3.172222375869751,51,119,0
3.172222375869751,56,80,0
3.172222375869751,56,27,0
3.172222375869751,55,90,0
3.172222375869751,54,56,0
3.172222375869751,55,46,1
3.172222375869751,54,50,1
3.172222375869751,54,58,0
3.172222375869751,50,69,0
3.172222375869751,62,51,1
3.172222375869751,51,72,1
3.172222375869751,58,66,1
3.172222375869751,55,88,0
3.172222375869751,52,70,1
3.172222375869751,64,22,1
3.172222375869751,49,64,0
3.172222375869751,61,57,1
3.172222375869751,70,69,1
3.172222375869751,61,56,1
3.172222375869751,50,76,0
3.172222375869751,53,64,1
3.172222375869751,53,59,1
3.172222375869751,64,18,0
3.172222375869751,59,62,1
3.172222375869751,56,81,0
3.172222375869751,52,65,1
3.172222375869751,52,71,1
3.172222375869751,52,98,0
3.172222375869751,55,86,0
3.172222375869751,69,95,1
3.172222375869751,58,65,1
3.172222375869751,53,66,1
3.177778005599976,56,82,0
3.177778005599976,54,94,0
3.177778005599976,55,90,0
3.177778005599976,53,96,0
3.177778005599976,54,50,1
3.177778005599976,52,68,1
3.177778005599976,51,73,1
3.177778005599976,56,80,0
3.177778005599976,56,81,0
3.177778005599976,52,69,1
3.183333396911621,56,82,0
3.183333396911621,52,68,1
3.183333396911621,55,90,0
3.183333396911621,52,69,1
3.183333396911621,56,81,0
3.183333396911621,51,73,1
3.1888890266418457,52,68,1
3.1888890266418457,56,81,0
3.1888890266418457,51,73,1
3.194444417953491,51,73,1
3.194444417953491,52,68,1
3.200000047683716,52,68,1
3.2041666507720947,49,100,1
3.2041666507720947,56,75,0
3.2041666507720947,50,119,0
3.2041666507720947,69,97,1
3.2041666507720947,55,43,1
3.2041666507720947,52,99,0
3.2041666507720947,52,69,1
3.2041666507720947,56,80,0
3.2041666507720947,69,77,1
3.2041666507720947,63,127,1
3.2041666507720947,58,63,1
3.2041666507720947,61,54,1
3.2041666507720947,57,43,1
3.2041666507720947,52,65,1
3.2041666507720947,54,49,1
3.2041666507720947,55,48,1
3.2041666507720947,58,82,0
3.2041666507720947,54,45,0
3.2041666507720947,50,79,1
3.2041666507720947,60,58,1
3.2041666507720947,55,54,0
3.2041666507720947,55,42,1
3.2041666507720947,56,81,0
3.2041666507720947,53,96,0
3.2041666507720947,56,78,0
3.2041666507720947,52,64,1
3.2041666507720947,52,67,1
3.2041666507720947,50,106,1
3.2041666507720947,65,20,0
3.2041666507720947,52,70,1
3.2041666507720947,56,76,0
3.2041666507720947,55,87,0
3.2041666507720947,61,52,1
3.2041666507720947,59,61,1
3.2041666507720947,52,68,1
3.2041666507720947,53,62,1
3.2041666507720947,54,94,0
3.2041666507720947,50,121,0
3.2041666507720947,50,57,0
3.2041666507720947,58,87,1
3.2041666507720947,63,75,0
3.2041666507720947,60,59,1
3.2041666507720947,54,50,1
3.2041666507720947,56,46,0
3.2041666507720947,57,82,0
3.2041666507720947,52,71,1
3.2041666507720947,71,76,1
3.2041666507720947,70,78,1
3.2041666507720947,57,34,1
3.2041666507720947,51,72,1
3.2041666507720947,65,69,0
3.2041666507720947,55,84,0
3.2041666507720947,52,44,0
3.2041666507720947,55,46,1
3.2041666507720947,61,55,1
3.2041666507720947,56,77,0
3.2041666507720947,55,45,1
3.2041666507720947,54,92,0
3.2041666507720947,58,64,1
3.2041666507720947,54,51,1
3.2041666507720947,52,45,0
3.2041666507720947,50,75,0
3.2041666507720947,51,73,1
3.2041666507720947,50,72,0
3.2041666507720947,55,47,1
3.2041666507720947,51,74,1
3.2041666507720947,55,85,0
3.2041666507720947,55,90,0
3.2041666507720947,62,16,0
3.2041666507720947,68,70,1
3.2041666507720947,74,71,1
3.2041666507720947,60,57,1
3.2041666507720947,70,79,1
3.2041666507720947,55,44,1
3.2041666507720947,51,75,1
3.2041666507720947,56,79,0
3.2083332538604736,56,81,0
3.2083332538604736,53,96,0
3.2083332538604736,56,80,0
3.2083332538604736,52,65,1
3.2083332538604736,52,68,1
3.2083332538604736,51,72,1
3.2083332538604736,52,99,0
3.2083332538604736,52,67,1
3.2083332538604736,54,50,1
3.2083332538604736,55,90,0
3.2083332538604736,54,49,1
3.212500095367432,52,65,1
3.212500095367432,56,81,0
3.212500095367432,56,80,0
3.212500095367432,52,68,1
3.212500095367432,51,72,1
3.212500095367432,54,49,1
3.2166666984558105,52,68,1
3.2166666984558105,51,72,1
3.2166666984558105,56,80,0
3.220833301544189,51,72,1
3.2249999046325684,51,72,1
3.2291667461395264,51,72,1
3.2333333492279053,51,72,1
3.238095283508301,65,70,0
3.238095283508301,56,112,1
3.238095283508301,75,62,1
3.238095283508301,53,95,0
3.238095283508301,73,123,1
3.238095283508301,69,97,1
3.238095283508301,51,123,1
3.238095283508301,56,81,0
3.238095283508301,51,71,1
3.238095283508301,61,102,1
3.238095283508301,64,90,1
3.238095283508301,61,119,1
3.238095283508301,53,53,1
3.238095283508301,52,64,1
3.238095283508301,67,74,1
3.238095283508301,51,73,1
3.238095283508301,50,68,0
3.238095283508301,49,63,0
3.238095283508301,71,124,1
3.238095283508301,61,86,1
3.238095283508301,60,20,1
3.238095283508301,53,56,1
3.238095283508301,52,69,1
3.238095283508301,55,127,0
3.238095283508301,63,54,1
3.238095283508301,53,108,1
3.238095283508301,50,70,0
3.238095283508301,58,106,1
3.238095283508301,57,40,1
3.238095283508301,54,46,1
3.238095283508301,56,76,0
3.238095283508301,49,100,1
3.238095283508301,56,38,0
3.238095283508301,50,73,0
3.238095283508301,54,45,1
3.238095283508301,52,99,0
3.238095283508301,55,86,0
3.238095283508301,70,56,1
3.238095283508301,49,67,0
3.238095283508301,58,76,0
3.238095283508301,65,106,1
3.238095283508301,66,70,1
3.238095283508301,52,70,1
3.238095283508301,64,88,1
3.238095283508301,66,59,0
3.238095283508301,56,80,0
3.238095283508301,63,32,0
3.238095283508301,55,89,0
3.238095283508301,59,109,0
3.238095283508301,55,71,1
3.238095283508301,56,82,0
3.238095283508301,55,42,1
3.238095283508301,61,92,1
3.238095283508301,69,81,1
3.238095283508301,52,68,1
3.238095283508301,53,52,1
3.238095283508301,63,81,1
3.238095283508301,59,108,0
3.238095283508301,53,61,1
3.238095283508301,53,63,1
3.238095283508301,55,44,1
3.238095283508301,50,56,0
3.238095283508301,51,97,1
3.238095283508301,54,48,1
3.238095283508301,64,73,0
3.238095283508301,52,65,1
3.238095283508301,54,93,0
3.238095283508301,53,26,1
3.238095283508301,56,79,0
3.238095283508301,65,68,0
3.238095283508301,55,43,1
3.238095283508301,52,67,1
3.238095283508301,55,88,0
3.238095283508301,51,72,1
3.238095283508301,57,75,0
3.238095283508301,56,77,0
3.238095283508301,54,42,1
3.238095283508301,69,91,1
3.238095283508301,52,66,1
3.238095283508301,63,127,1
3.238095283508301,63,75,0
3.238095283508301,54,49,1
3.238095283508301,55,90,0
3.238095283508301,53,96,0
3.2428572177886963,52,65,1
3.2428572177886963,55,89,0
3.2428572177886963,52,67,1
3.2428572177886963,56,80,0
3.2428572177886963,52,64,1
3.2428572177886963,51,72,1
3.247619152069092,51,72,1
3.247619152069092,52,64,1
3.247619152069092,52,65,1
3.247619152069092,56,80,0
3.247619152069092,52,67,1
3.252380847930908,52,67,1
3.252380847930908,56,80,0
3.252380847930908,52,64,1
3.257142782211304,52,67,1
3.257142782211304,56,80,0
3.261904716491699,52,67,1
3.2666666507720947,52,67,1
3.277777671813965,56,127,0
3.277777671813965,55,42,1
3.277777671813965,54,40,0
3.277777671813965,52,66,1
3.277777671813965,52,67,1
3.277777671813965,53,64,1
3.277777671813965,52,63,1
3.277777671813965,49,59,0
3.277777671813965,52,68,1
3.277777671813965,53,51,1
3.277777671813965,58,67,1
3.277777671813965,63,127,1
3.277777671813965,58,62,1
3.277777671813965,51,72,1
3.277777671813965,54,46,1
3.277777671813965,68,48,1
3.277777671813965,55,87,0
3.277777671813965,56,78,0
3.277777671813965,60,76,0
3.277777671813965,55,72,1
3.277777671813965,64,63,1
3.277777671813965,53,124,1
3.277777671813965,54,47,1
3.277777671813965,49,101,1
3.277777671813965,69,63,1
3.277777671813965,54,48,1
3.277777671813965,51,74,1
3.277777671813965,70,77,1
3.277777671813965,69,64,1
3.277777671813965,53,52,1
3.277777671813965,51,71,1
3.277777671813965,60,101,1
3.277777671813965,54,93,0
3.277777671813965,56,85,0
3.277777671813965,62,75,0
3.277777671813965,53,62,1
3.277777671813965,54,49,1
3.277777671813965,52,98,0
3.277777671813965,55,89,0
3.277777671813965,69,76,1
3.277777671813965,56,75,0
3.277777671813965,58,76,0
3.277777671813965,50,69,0
3.277777671813965,54,43,1
3.277777671813965,69,97,1
3.277777671813965,59,44,0
3.277777671813965,61,49,1
3.277777671813965,52,64,1
3.277777671813965,56,79,0
3.277777671813965,53,96,0
3.277777671813965,62,48,1
3.277777671813965,53,66,1
3.277777671813965,68,110,1
3.277777671813965,68,82,1
3.277777671813965,52,65,1
3.277777671813965,51,73,1
3.277777671813965,64,18,0
3.277777671813965,55,112,0
3.277777671813965,54,114,1
3.277777671813965,54,50,1
3.277777671813965,67,73,1
3.277777671813965,72,63,1
3.277777671813965,56,80,0
3.277777671813965,62,37,1
3.277777671813965,49,103,1
3.277777671813965,64,19,0
3.277777671813965,72,64,1
3.277777671813965,50,116,0
3.277777671813965,65,122,1
3.277777671813965,54,45,1
3.277777671813965,66,71,1
3.277777671813965,65,21,0
3.277777671813965,54,59,0
3.277777671813965,54,41,1
3.277777671813965,68,63,1
3.277777671813965,54,55,0
3.277777671813965,65,85,1
3.277777671813965,54,44,1
3.277777671813965,66,23,0
3.277777671813965,56,40,0
3.288888931274414,54,44,1
3.288888931274414,54,46,1
3.288888931274414,52,64,1
3.288888931274414,54,47,1
3.288888931274414,51,71,1
3.288888931274414,56,79,0
3.288888931274414,51,72,1
3.288888931274414,52,66,1
3.288888931274414,54,43,1
3.288888931274414,54,45,1
3.299999952316284,52,64,1
3.299999952316284,54,44,1
3.299999952316284,52,66,1
3.299999952316284,54,45,1
3.3111109733581543,55,89,0
3.3111109733581543,49,76,0
3.3111109733581543,52,64,1
3.3111109733581543,53,96,0
3.3111109733581543,70,71,1
3.3111109733581543,54,44,1
3.3111109733581543,50,101,0
3.3111109733581543,63,33,0
3.3111109733581543,49,62,0
3.3111109733581543,52,66,1
3.3111109733581543,52,99,0
3.3111109733581543,56,78,0
3.3111109733581543,60,113,1
3.3111109733581543,63,17,0
3.3111109733581543,56,48,0
3.3111109733581543,56,80,0
3.3111109733581543,51,48,0
3.3111109733581543,53,63,1
3.3111109733581543,63,74,0
3.3111109733581543,57,39,1
3.3111109733581543,61,53,1
3.3111109733581543,51,71,1
3.3111109733581543,63,75,0
3.3111109733581543,52,65,1
3.3111109733581543,60,117,1
3.3111109733581543,52,67,1
3.3111109733581543,53,83,1
3.3111109733581543,56,79,0
3.3111109733581543,51,98,1
3.3111109733581543,54,47,1
3.3111109733581543,49,69,0
3.3111109733581543,61,76,0
3.3111109733581543,54,57,0
3.3111109733581543,55,94,1
3.3111109733581543,49,96,1
3.3111109733581543,57,86,1
3.3111109733581543,53,52,1
3.3111109733581543,53,54,1
3.3111109733581543,51,72,1
3.3111109733581543,53,61,1
3.3111109733581543,66,119,1
3.3111109733581543,56,77,0
3.3111109733581543,50,56,0
3.3111109733581543,50,71,0
3.3111109733581543,62,76,0
3.3111109733581543,54,43,1
3.3111109733581543,54,60,0
3.3111109733581543,58,76,0
3.3222222328186035,52,66,1
3.3222222328186035,54,43,1
3.3222222328186035,56,79,0
3.3222222328186035,51,71,1
3.3333332538604736,51,71,1
3.3333332538604736,54,43,1
3.3333332538604736,52,66,1
3.344444274902344,56,76,0
3.344444274902344,61,48,1
3.344444274902344,52,97,0
3.344444274902344,54,49,1
3.344444274902344,52,70,1
3.344444274902344,70,74,1
3.344444274902344,54,45,1
3.344444274902344,65,67,0
3.344444274902344,55,85,0
3.344444274902344,51,73,1
3.344444274902344,52,49,0
3.344444274902344,58,65,1
3.344444274902344,51,117,1
3.344444274902344,62,25,1
3.344444274902344,54,48,1
3.344444274902344,53,117,0
3.344444274902344,59,113,1
3.344444274902344,54,46,1
3.344444274902344,54,42,1
3.344444274902344,49,112,1
3.344444274902344,63,25,1
3.344444274902344,62,16,0
3.344444274902344,57,76,0
3.344444274902344,53,126,1
3.344444274902344,52,69,1
3.344444274902344,70,50,1
3.344444274902344,67,115,1
3.344444274902344,70,73,1
3.344444274902344,51,72,1
3.344444274902344,60,55,1
3.344444274902344,55,41,1
3.344444274902344,70,76,1
3.344444274902344,59,109,1
3.344444274902344,70,91,1
3.344444274902344,70,80,1
3.344444274902344,69,108,1
3.344444274902344,65,69,0
3.344444274902344,67,87,1
3.344444274902344,59,112,1
3.344444274902344,55,88,0
3.344444274902344,68,111,1
3.344444274902344,61,120,1
3.344444274902344,49,125,1
3.344444274902344,66,118,1
3.344444274902344,64,73,0
3.344444274902344,67,73,0
3.344444274902344,59,101,0
3.344444274902344,54,43,1
3.344444274902344,69,102,1
3.344444274902344,53,96,0
3.344444274902344,52,68,1
3.344444274902344,56,126,1
3.344444274902344,69,107,1
3.344444274902344,70,90,1
3.344444274902344,63,127,1
3.344444274902344,54,44,1
3.344444274902344,67,114,1
3.344444274902344,65,102,1
3.344444274902344,67,103,1
3.344444274902344,55,98,1
3.344444274902344,53,60,1
3.344444274902344,67,105,1
3.344444274902344,56,79,0
3.344444274902344,69,61,1
3.344444274902344,51,71,1
3.344444274902344,53,58,1
3.344444274902344,51,54,0
3.344444274902344,59,60,1
3.344444274902344,58,63,1
3.344444274902344,55,126,1
3.344444274902344,55,97,1
3.344444274902344,52,67,1
3.344444274902344,69,86,1
3.355555534362793,56,79,0
3.355555534362793,55,97,1
3.355555534362793,51,71,1
3.355555534362793,54,42,1
3.366666555404663,54,42,1
3.3999998569488525,69,59,1
3.3999998569488525,51,47,0
3.3999998569488525,51,116,1
3.3999998569488525,65,121,1
3.3999998569488525,62,79,1
3.3999998569488525,52,64,1
3.3999998569488525,69,98,0
3.3999998569488525,49,78,0
3.3999998569488525,51,123,1
3.3999998569488525,63,75,0
3.3999998569488525,53,62,1
3.3999998569488525,58,76,0
3.3999998569488525,51,54,0
3.3999998569488525,61,51,1
3.3999998569488525,58,64,1
3.3999998569488525,69,50,1
3.3999998569488525,60,56,1
3.3999998569488525,64,94,1
3.3999998569488525,50,56,0
3.3999998569488525,53,53,1
3.3999998569488525,70,67,1
3.3999998569488525,72,75,1
3.3999998569488525,63,105,1
3.3999998569488525,49,68,0
3.3999998569488525,64,73,0
3.3999998569488525,51,71,1
3.3999998569488525,53,109,1
3.3999998569488525,56,77,0
3.3999998569488525,68,74,1
3.3999998569488525,64,105,1
3.3999998569488525,52,66,1
3.3999998569488525,49,66,0
3.3999998569488525,64,72,0
3.3999998569488525,46,93,0
3.3999998569488525,54,43,1
3.3999998569488525,60,57,1
3.3999998569488525,64,87,1
3.3999998569488525,59,76,0
3.3999998569488525,66,78,1
3.4166667461395264,69,60,1
3.4166667461395264,66,48,1
3.4166667461395264,69,75,1
3.4166667461395264,67,53,1
3.4166667461395264,64,124,1
3.4166667461395264,54,75,1
3.4166667461395264,49,100,1
3.4166667461395264,52,67,1
3.4166667461395264,70,91,1
3.4166667461395264,69,61,1
3.4166667461395264,70,101,1
3.4166667461395264,71,86,1
3.4166667461395264,68,69,1
3.4166667461395264,69,62,1
3.4166667461395264,59,123,1
3.4166667461395264,70,72,1
3.4166667461395264,58,76,1
3.4166667461395264,56,39,0
3.4166667461395264,69,87,1
3.4166667461395264,70,64,1
3.4166667461395264,65,103,1
3.4166667461395264,50,69,0
3.4166667461395264,68,91,1
3.4166667461395264,65,23,0
3.4166667461395264,53,57,1
3.4166667461395264,66,62,1
3.4166667461395264,69,85,1
3.4166667461395264,68,103,1
3.4166667461395264,58,124,1
3.4166667461395264,70,78,1
3.4166667461395264,52,52,0
3.4166667461395264,67,80,1
3.433333396911621,69,61,1
3.450000047683716,69,61,1
3.450000047683716,64,73,1
3.450000047683716,48,108,0
3.450000047683716,58,76,1
3.450000047683716,66,61,0
3.450000047683716,69,95,1
3.450000047683716,67,56,1
3.450000047683716,66,60,0
3.450000047683716,66,95,1
3.450000047683716,70,88,1
3.450000047683716,62,117,1
3.450000047683716,68,61,1
3.450000047683716,53,96,1
3.450000047683716,56,78,0
3.450000047683716,59,76,1
3.450000047683716,49,99,1
3.450000047683716,68,83,1
3.450000047683716,66,55,1
3.450000047683716,54,89,1
3.450000047683716,51,123,0
3.450000047683716,55,89,1
3.450000047683716,50,69,0
3.450000047683716,67,49,1
3.450000047683716,49,100,1
3.450000047683716,50,67,1
3.450000047683716,56,127,1
3.450000047683716,59,59,1
3.450000047683716,55,126,0
3.450000047683716,48,98,0
3.450000047683716,68,92,1
3.450000047683716,70,87,1
3.450000047683716,50,55,0
3.450000047683716,53,125,1
3.4666666984558105,55,89,1
3.5,55,90,1
3.5,53,96,1
3.5,56,41,0
3.5,52,125,1
3.5,61,121,1
3.5,56,42,0
3.5,55,88,1
3.5,52,50,0
3.5,63,17,1
3.5,52,46,0
3.5,67,78,1
3.5,52,49,0
3.5,52,99,1
3.5,73,121,1
3.5,63,118,1
3.5,61,117,0
3.5166666507720947,55,89,1
3.5166666507720947,53,96,1
3.5166666507720947,50,119,1
3.5166666507720947,57,68,1
3.5166666507720947,66,49,1
3.5166666507720947,54,43,0
3.5166666507720947,53,49,1
3.5166666507720947,52,99,1
3.5166666507720947,65,82,1
3.5166666507720947,61,42,1
3.5166666507720947,50,121,1
3.5166666507720947,59,45,0
3.5166666507720947,55,112,1
3.5166666507720947,57,64,1
3.5166666507720947,54,93,1
3.533333301544189,54,43,0
3.549999952316284,58,102,1
3.549999952316284,52,99,1
3.549999952316284,66,76,1
3.549999952316284,63,84,1
3.549999952316284,57,100,1
3.549999952316284,54,43,0
3.549999952316284,51,99,1
3.549999952316284,60,112,1
3.549999952316284,54,109,0
3.549999952316284,59,82,1
3.549999952316284,56,68,1
3.549999952316284,53,96,1
3.549999952316284,66,82,1
3.549999952316284,55,90,1
3.549999952316284,60,40,1
3.549999952316284,66,81,1
3.549999952316284,53,125,0
3.549999952316284,66,75,1
3.549999952316284,61,111,1
3.549999952316284,55,41,0
3.549999952316284,67,60,1
3.549999952316284,62,16,1
3.549999952316284,67,61,1
3.549999952316284,64,118,1
3.549999952316284,55,110,1
3.549999952316284,60,117,0
3.549999952316284,66,74,1
3.549999952316284,69,95,0
3.549999952316284,54,44,0
3.549999952316284,66,63,1
3.549999952316284,54,115,1
3.549999952316284,51,100,1
3.549999952316284,63,127,0
3.549999952316284,56,79,1
3.549999952316284,68,59,1
3.549999952316284,64,106,1
3.549999952316284,66,80,1
3.566666603088379,54,43,0
3.577777624130249,57,119,1
3.577777624130249,69,95,0
3.577777624130249,55,89,1
3.577777624130249,51,54,1
3.577777624130249,54,109,1
3.577777624130249,69,97,0
3.577777624130249,52,99,1
3.577777624130249,68,111,0
3.577777624130249,54,45,0
3.577777624130249,63,127,0
3.577777624130249,55,113,1
3.577777624130249,55,90,1
3.577777624130249,50,56,1
3.577777624130249,54,94,1
3.577777624130249,55,88,1
3.577777624130249,55,87,1
3.577777624130249,56,79,1
3.577777624130249,64,124,0
3.577777624130249,63,75,1
3.577777624130249,53,96,1
3.577777624130249,52,98,1
3.577777624130249,56,78,1
3.577777624130249,50,101,1
3.577777624130249,65,84,1
3.577777624130249,63,103,1
3.577777624130249,53,52,0
3.577777624130249,54,41,1
3.577777624130249,52,97,1
3.577777624130249,52,115,1
3.577777624130249,66,85,1
3.577777624130249,57,18,1
3.577777624130249,61,41,1
3.577777624130249,67,115,0
3.577777624130249,67,114,0
3.577777624130249,70,91,0
3.577777624130249,66,115,1
3.577777624130249,54,93,1
3.577777624130249,56,80,1
3.577777624130249,50,69,1
3.588888645172119,52,99,1
3.588888645172119,55,90,1
3.588888645172119,56,79,1
3.588888645172119,69,97,0
3.5999999046325684,56,79,1
3.6111109256744394,55,85,1
3.6111109256744394,56,78,1
3.6111109256744394,53,96,1
3.6111109256744394,70,78,0
3.6111109256744394,49,100,0
3.6111109256744394,52,49,1
3.6111109256744394,52,67,0
3.6111109256744394,70,72,0
3.6111109256744394,49,79,0
3.6111109256744394,52,66,0
3.6111109256744394,59,103,1
3.6111109256744394,56,109,1
3.6111109256744394,51,113,1
3.6111109256744394,51,71,0
3.6111109256744394,56,79,1
3.6111109256744394,69,61,0
3.6111109256744394,69,55,1
3.6111109256744394,52,50,1
3.6111109256744394,56,77,1
3.6111109256744394,52,54,0
3.6111109256744394,55,90,1
3.6111109256744394,69,95,0
3.6111109256744394,56,80,1
3.6111109256744394,53,124,0
3.6111109256744394,52,99,1
3.6111109256744394,66,61,1
3.622222185134888,51,71,0
3.622222185134888,56,80,1
3.622222185134888,52,99,1
3.633333444595337,51,71,0
3.6666667461395264,58,113,1
3.6666667461395264,54,24,0
3.6666667461395264,68,98,1
3.6666667461395264,60,117,1
3.6666667461395264,56,80,1
3.6666667461395264,69,80,1
3.6666667461395264,59,19,1
3.6666667461395264,66,65,1
3.6666667461395264,69,61,0
3.6666667461395264,58,104,1
3.6666667461395264,58,41,1
3.6666667461395264,51,71,0
3.6666667461395264,67,77,1
3.6666667461395264,65,77,1
3.6666667461395264,69,98,0
3.6666667461395264,50,56,1
3.6666667461395264,56,108,1
3.6666667461395264,65,69,1
3.6666667461395264,53,122,1
3.6666667461395264,54,112,1
3.6666667461395264,68,96,1
3.6666667461395264,60,115,1
3.6666667461395264,55,90,1
3.6666667461395264,49,100,0
3.6666667461395264,68,60,1
3.6666667461395264,66,60,1
3.6666667461395264,58,76,0
3.6666667461395264,69,68,1
3.6666667461395264,52,66,0
3.6666667461395264,55,89,1
3.6666667461395264,50,68,1
3.700000047683716,47,93,0
3.700000047683716,65,52,1
3.700000047683716,68,58,1
3.700000047683716,51,123,1
3.700000047683716,68,98,1
3.700000047683716,68,68,1
3.700000047683716,58,76,0
3.700000047683716,72,52,1
3.700000047683716,63,113,1
3.700000047683716,68,111,1
3.700000047683716,68,73,1
3.700000047683716,51,72,0
3.700000047683716,55,90,1
3.700000047683716,67,65,1
3.700000047683716,52,123,1
3.700000047683716,70,77,0
3.700000047683716,69,61,0
3.700000047683716,52,65,0
3.700000047683716,57,75,0
3.700000047683716,49,117,1
3.700000047683716,54,94,1
3.700000047683716,65,73,1
3.700000047683716,52,66,0
3.700000047683716,67,64,1
3.700000047683716,67,115,1
3.700000047683716,63,127,1
3.700000047683716,50,69,1
3.700000047683716,66,106,1
3.700000047683716,49,100,0
3.700000047683716,56,79,1
3.7166666984558105,67,114,1
3.7166666984558105,56,80,1
3.7166666984558105,49,104,1
3.7166666984558105,58,75,0
3.7166666984558105,52,64,0
3.7166666984558105,69,109,1
3.7166666984558105,52,66,0
3.7166666984558105,64,124,1
3.7166666984558105,57,99,1
3.7166666984558105,65,45,0
3.7166666984558105,50,109,1
3.7166666984558105,61,75,0
3.7166666984558105,69,72,1
3.7166666984558105,70,90,0
3.7166666984558105,58,76,0
3.7166666984558105,60,76,0
3.7166666984558105,59,76,0
3.7166666984558105,69,97,1
3.7166666984558105,61,122,1
3.7166666984558105,72,120,0
3.7166666984558105,61,76,0
3.7166666984558105,51,71,0
3.7166666984558105,62,107,1
3.7166666984558105,56,76,1
3.7166666984558105,70,107,1
3.7166666984558105,66,64,1
3.7166666984558105,69,98,0
3.733333349227905,51,71,0
3.75,56,81,1
3.75,68,102,1
3.75,52,115,0
3.75,56,111,1
3.75,56,78,1
3.75,69,104,0
3.75,51,72,0
3.75,52,66,0
3.75,52,67,0
3.75,60,121,1
3.75,56,80,1
3.75,61,124,1
3.75,51,73,0
3.75,52,65,0
3.75,57,120,1
3.75,60,111,1
3.75,57,79,1
3.75,54,46,0
3.75,51,71,0
3.75,47,120,0
3.766666650772095,51,71,0
3.766666650772095,52,66,0
3.7733333110809326,70,76,0
3.7733333110809326,52,67,0
3.7733333110809326,52,69,0
3.7733333110809326,53,61,0
3.7733333110809326,68,98,0
3.7733333110809326,52,64,0
3.7733333110809326,56,81,1
3.7733333110809326,64,73,1
3.7733333110809326,52,98,1
3.7733333110809326,50,100,0
3.7733333110809326,50,69,1
3.7733333110809326,52,66,0
3.7733333110809326,57,40,0
3.7733333110809326,54,45,0
3.7733333110809326,56,77,1
3.7733333110809326,50,60,0
3.7733333110809326,52,70,0
3.7733333110809326,54,47,0
3.7733333110809326,51,71,0
3.7733333110809326,54,44,0
3.7733333110809326,52,65,0
3.7733333110809326,57,127,1
3.7733333110809326,55,90,1
3.7733333110809326,52,99,1
3.7733333110809326,64,102,1
3.7733333110809326,69,94,0
3.7733333110809326,55,88,1
3.7733333110809326,73,122,1
3.7733333110809326,53,62,0
3.7733333110809326,56,80,1
3.7733333110809326,67,60,1
3.7733333110809326,64,101,1
3.7733333110809326,53,95,1
3.7733333110809326,54,49,0
3.7733333110809326,50,116,1
3.7733333110809326,56,79,1
3.7733333110809326,53,97,1
3.7733333110809326,70,90,1
3.7733333110809326,55,122,0
3.7733333110809326,51,72,0
3.7733333110809326,54,93,1
3.7733333110809326,50,119,0
3.7733333110809326,52,68,0
3.7733333110809326,53,96,1
3.7733333110809326,55,86,1
3.7799999713897705,56,81,1
3.7799999713897705,52,67,0
3.7799999713897705,52,65,0
3.7799999713897705,54,44,0
3.7799999713897705,52,64,0
3.7799999713897705,55,90,1
3.786666631698608,52,67,0
3.786666631698608,52,64,0
3.786666631698608,52,65,0
3.7933332920074463,52,64,0
3.7933332920074463,52,67,0
3.799999952316284,52,64,0
3.80476188659668,53,63,0
3.80476188659668,55,87,1
3.80476188659668,49,99,0
3.80476188659668,51,72,0
3.80476188659668,55,90,1
3.80476188659668,52,69,0
3.80476188659668,56,79,1
3.80476188659668,53,53,0
3.80476188659668,52,122,1
3.80476188659668,54,47,0
3.80476188659668,54,53,1
3.80476188659668,66,29,1
3.80476188659668,54,94,1
3.80476188659668,54,46,0
3.80476188659668,54,42,0
3.80476188659668,60,117,0
3.80476188659668,65,101,1
3.80476188659668,54,48,0
3.80476188659668,52,70,0
3.80476188659668,54,92,1
3.80476188659668,56,82,1
3.80476188659668,51,117,0
3.80476188659668,52,65,0
3.80476188659668,69,97,0
3.80476188659668,54,49,0
3.80476188659668,55,91,1
3.80476188659668,49,100,0
3.80476188659668,56,77,1
3.80476188659668,54,45,0
3.80476188659668,57,127,0
3.80476188659668,53,61,0
3.80476188659668,50,104,1
3.80476188659668,51,74,0
3.80476188659668,55,89,1
3.80476188659668,56,81,1
3.80476188659668,54,50,0
3.80476188659668,56,80,1
3.80476188659668,53,97,1
3.80476188659668,51,73,0
3.80476188659668,56,78,1
3.80476188659668,52,67,0
3.80476188659668,56,75,1
3.80476188659668,56,45,0
3.80476188659668,53,62,0
3.80476188659668,55,84,1
3.80476188659668,57,39,0
3.80476188659668,50,69,1
3.80476188659668,56,76,1
3.80476188659668,52,64,0
3.80476188659668,52,68,0
3.809523820877075,54,45,0
3.809523820877075,51,72,0
3.809523820877075,56,82,1
3.809523820877075,56,80,1
3.809523820877075,54,46,0
3.809523820877075,54,94,1
3.809523820877075,51,73,0
3.809523820877075,55,90,1
3.809523820877075,54,48,0
3.809523820877075,52,65,0
3.809523820877075,56,81,1
3.809523820877075,52,67,0
3.809523820877075,55,91,1
3.809523820877075,52,64,0
3.809523820877075,52,68,0
3.814285755157471,56,82,1
3.814285755157471,56,81,1
3.814285755157471,52,67,0
3.814285755157471,52,68,0
3.814285755157471,51,72,0
3.814285755157471,52,64,0
3.814285755157471,52,65,0
3.819047451019287,51,72,0
3.819047451019287,52,67,0
3.819047451019287,56,81,1
3.8238093852996826,52,67,0
3.8238093852996826,51,72,0
3.828571319580078,51,72,0
3.8333332538604736,51,72,0
3.838095188140869,50,56,1
3.838095188140869,50,71,1
3.838095188140869,56,83,1
3.838095188140869,52,65,0
3.838095188140869,54,50,0
3.838095188140869,56,84,1
3.838095188140869,49,103,0
3.838095188140869,51,75,0
3.838095188140869,48,98,1
3.838095188140869,65,70,1
3.838095188140869,53,51,0
3.838095188140869,53,52,0
3.838095188140869,52,71,0
3.838095188140869,52,69,0
3.838095188140869,70,71,0
3.838095188140869,55,91,1
3.838095188140869,52,99,1
3.838095188140869,51,73,0
3.838095188140869,51,74,0
3.838095188140869,56,82,1
3.838095188140869,51,78,1
3.838095188140869,54,93,1
3.838095188140869,53,96,1
3.838095188140869,52,100,1
3.838095188140869,55,43,0
3.838095188140869,56,74,1
3.838095188140869,52,67,0
3.838095188140869,70,72,0
3.838095188140869,56,75,1
3.838095188140869,56,80,1
3.838095188140869,50,69,1
3.838095188140869,65,69,1
3.838095188140869,56,76,1
3.838095188140869,55,90,1
3.838095188140869,50,70,1
3.838095188140869,58,63,0
3.838095188140869,50,68,1
3.838095188140869,60,120,0
3.838095188140869,55,88,1
3.838095188140869,51,72,0
3.838095188140869,54,49,0
3.838095188140869,56,81,1
3.838095188140869,55,83,1
3.838095188140869,53,63,0
3.838095188140869,52,97,1
3.838095188140869,54,94,1
3.838095188140869,55,85,1
3.838095188140869,52,64,0
3.838095188140869,52,70,0
3.838095188140869,56,78,1
3.838095188140869,50,100,0
3.838095188140869,53,62,0
3.838095188140869,56,79,1
3.838095188140869,56,77,1
3.838095188140869,52,68,0
3.838095188140869,55,42,0
3.8428571224212646,51,72,0
3.8428571224212646,52,68,0
3.8428571224212646,52,69,0
3.8428571224212646,56,82,1
3.8428571224212646,51,73,0
3.8428571224212646,52,65,0
3.8428571224212646,54,94,1
3.8428571224212646,56,83,1
3.84761905670166,52,68,0
3.84761905670166,52,69,0
3.84761905670166,56,82,1
3.84761905670166,51,72,0
3.84761905670166,51,73,0
3.84761905670166,56,83,1
3.84761905670166,54,94,1
3.852380752563477,56,82,1
3.852380752563477,51,73,0
3.852380752563477,54,94,1
3.852380752563477,52,68,0
3.857142686843872,52,68,0
3.857142686843872,56,82,1
3.857142686843872,51,73,0
3.861904621124268,52,68,0
3.866666555404663,52,68,0
3.8714284896850586,59,60,0
3.8714284896850586,52,72,0
3.8714284896850586,61,53,0
3.8714284896850586,55,44,0
3.8714284896850586,60,118,1
3.8714284896850586,62,125,1
3.8714284896850586,58,64,0
3.8714284896850586,52,69,0
3.8714284896850586,60,125,1
3.8714284896850586,55,46,0
3.8714284896850586,54,51,0
3.8714284896850586,55,89,1
3.8714284896850586,54,60,1
3.8714284896850586,52,110,1
3.8714284896850586,55,47,0
3.8714284896850586,62,99,1
3.8714284896850586,52,70,0
3.8714284896850586,60,57,0
3.8714284896850586,56,82,1
3.8714284896850586,54,94,1
3.8714284896850586,56,79,1
3.8714284896850586,59,111,1
3.8714284896850586,53,67,0
3.8714284896850586,51,75,0
3.8714284896850586,56,76,1
3.8714284896850586,52,71,0
3.8714284896850586,50,57,1
3.8714284896850586,65,114,1
3.8714284896850586,62,76,0
3.8714284896850586,57,82,1
3.8714284896850586,55,43,0
3.8714284896850586,51,100,0
3.8714284896850586,55,86,1
3.8714284896850586,64,78,1
3.8714284896850586,60,121,0
3.8714284896850586,53,62,0
3.8714284896850586,60,112,1
3.8714284896850586,54,44,0
3.8714284896850586,56,83,1
3.8714284896850586,54,59,1
3.8714284896850586,53,65,0
3.8714284896850586,56,77,1
3.8714284896850586,56,84,1
3.8714284896850586,53,63,0
3.8714284896850586,53,95,1
3.8714284896850586,49,99,0
3.8714284896850586,56,81,1
3.8714284896850586,56,80,1
3.8714284896850586,55,90,1
3.8714284896850586,52,68,0
3.8714284896850586,51,74,0
3.8714284896850586,54,50,0
3.8714284896850586,58,65,0
3.8714284896850586,53,66,0
3.8714284896850586,63,75,1
3.8714284896850586,48,99,0
3.8714284896850586,59,126,1
3.8714284896850586,55,42,0
3.8714284896850586,55,45,0
3.8714284896850586,56,78,1
3.8714284896850586,51,73,0
3.8714284896850586,58,67,0
3.8714284896850586,53,64,0
3.8714284896850586,55,91,1
3.8714284896850586,54,46,0
3.8714284896850586,46,93,1
3.876190423965454,51,73,0
3.876190423965454,52,69,0
3.876190423965454,56,81,1
3.876190423965454,56,84,1
3.876190423965454,56,83,1
3.876190423965454,53,62,0
3.876190423965454,51,74,0
3.876190423965454,56,82,1
3.876190423965454,53,66,0
3.876190423965454,54,94,1
3.876190423965454,53,63,0
3.876190423965454,55,91,1
3.876190423965454,52,70,0
3.8809523582458496,51,73,0
3.8809523582458496,56,84,1
3.8809523582458496,52,69,0
3.8809523582458496,55,91,1
3.8809523582458496,52,70,0
3.8809523582458496,56,83,1
3.885714292526245,56,83,1
3.885714292526245,52,69,0
3.885714292526245,51,73,0
3.885714292526245,56,84,1
3.8904762268066406,51,73,0
3.8904762268066406,56,83,1
3.8904762268066406,56,84,1
3.8904762268066406,52,69,0
3.895238161087036,51,73,0
3.895238161087036,52,69,0
3.900000095367432,52,69,0
3.9037036895751953,55,44,0
3.9037036895751953,59,101,1
3.9037036895751953,65,83,1
3.9037036895751953,59,18,1
3.9037036895751953,55,51,1
3.9037036895751953,58,20,1
3.9037036895751953,56,84,1
3.9037036895751953,60,59,0
3.9037036895751953,54,115,0
3.9037036895751953,55,47,0
3.9037036895751953,56,78,1
3.9037036895751953,50,81,1
3.9037036895751953,54,51,0
3.9037036895751953,56,83,1
3.9037036895751953,55,89,1
3.9037036895751953,52,68,0
3.9037036895751953,76,67,1
3.9037036895751953,68,82,1
3.9037036895751953,66,66,1
3.9037036895751953,54,49,0
3.9037036895751953,53,68,0
3.9037036895751953,55,90,1
3.9037036895751953,58,65,0
3.9037036895751953,59,61,0
3.9037036895751953,63,82,1
3.9037036895751953,53,63,0
3.9037036895751953,53,66,0
3.9037036895751953,52,71,0
3.9037036895751953,53,57,0
3.9037036895751953,50,100,0
3.9037036895751953,51,75,0
3.9037036895751953,53,96,1
3.9037036895751953,57,76,1
3.9037036895751953,57,77,1
3.9037036895751953,56,81,1
3.9037036895751953,53,122,1
3.9037036895751953,52,70,0
3.9037036895751953,69,60,0
3.9037036895751953,54,50,0
3.9037036895751953,53,65,0
3.9037036895751953,56,79,1
3.9037036895751953,54,52,0
3.9037036895751953,49,100,0
3.9037036895751953,54,67,1
3.9037036895751953,68,103,1
3.9037036895751953,61,53,0
3.9037036895751953,55,43,0
3.9037036895751953,50,72,1
3.9037036895751953,52,72,0
3.9037036895751953,50,99,0
3.9037036895751953,51,123,0
3.9037036895751953,54,61,1
3.9037036895751953,56,85,1
3.9037036895751953,59,44,1
3.9037036895751953,55,45,0
3.9037036895751953,58,66,0
3.9037036895751953,54,93,1
3.9037036895751953,64,82,1
3.9037036895751953,52,73,0
3.9037036895751953,55,94,0
3.9037036895751953,59,123,0
3.9037036895751953,55,48,0
3.9037036895751953,57,75,1
3.9037036895751953,56,41,1
3.9037036895751953,61,55,0
3.9037036895751953,54,94,1
3.9037036895751953,50,69,1
3.9037036895751953,55,87,1
3.9037036895751953,53,64,0
3.9037036895751953,56,39,1
3.9037036895751953,60,56,0
3.9037036895751953,55,49,0
3.9037036895751953,49,99,0
3.9037036895751953,61,54,0
3.9037036895751953,51,74,0
3.9037036895751953,54,57,1
3.9037036895751953,52,69,0
3.9037036895751953,56,82,1
3.9037036895751953,52,99,1
3.9037036895751953,49,66,1
3.9037036895751953,55,46,0
3.9037036895751953,53,61,0
3.9037036895751953,60,58,0
3.9037036895751953,51,76,0
3.9037036895751953,52,98,1
3.9037036895751953,56,80,1
3.9037036895751953,50,63,1
3.9037036895751953,53,67,0
3.9037036895751953,56,86,1
3.9037036895751953,53,60,0
3.9037036895751953,55,88,1
3.9037036895751953,69,98,1
3.9037036895751953,55,91,1
3.9037036895751953,54,66,1
3.9037036895751953,53,97,1
3.9037036895751953,54,92,1
3.9037036895751953,61,79,1
3.907407283782959,52,70,0
3.907407283782959,55,46,0
3.907407283782959,53,66,0
3.907407283782959,52,71,0
3.907407283782959,55,47,0
3.907407283782959,55,45,0
3.907407283782959,53,97,1
3.907407283782959,53,65,0
3.907407283782959,56,84,1
3.907407283782959,53,63,0
3.907407283782959,52,72,0
3.907407283782959,54,49,0
3.907407283782959,56,85,1
3.907407283782959,51,74,0
3.907407283782959,55,91,1
3.907407283782959,53,67,0
3.907407283782959,55,48,0
3.907407283782959,56,80,1
3.907407283782959,57,76,1
3.907407283782959,54,51,0
3.907407283782959,53,64,0
3.907407283782959,56,79,1
3.907407283782959,52,69,0
3.907407283782959,51,75,0
3.907407283782959,57,77,1
3.907407283782959,56,83,1
3.907407283782959,55,44,0
3.907407283782959,54,50,0
3.907407283782959,56,82,1
3.907407283782959,50,100,0
3.9111111164093018,55,91,1
3.9111111164093018,56,85,1
3.9111111164093018,52,71,0
3.9111111164093018,57,76,1
3.9111111164093018,53,63,0
3.9111111164093018,52,70,0
3.9111111164093018,55,48,0
3.9111111164093018,51,74,0
3.9111111164093018,55,47,0
3.9111111164093018,56,84,1
3.9111111164093018,53,66,0
3.9111111164093018,54,51,0
3.9111111164093018,51,75,0
3.914814949035645,57,76,1
3.914814949035645,56,85,1
3.914814949035645,55,91,1
3.914814949035645,52,70,0
3.914814949035645,51,74,0
3.914814949035645,53,63,0
3.914814949035645,56,84,1
3.918518543243408,56,85,1
3.918518543243408,52,70,0
3.918518543243408,57,76,1
3.918518543243408,56,84,1
3.918518543243408,51,74,0
3.918518543243408,55,91,1
3.922222137451172,57,76,1
3.922222137451172,52,70,0
3.922222137451172,56,85,1
3.925925970077514,57,76,1
3.925925970077514,52,70,0
3.925925970077514,56,85,1
3.9296298027038574,56,85,1
3.9296298027038574,52,70,0
3.933333396911621,56,85,1
3.933333396911621,52,70,0
3.93666672706604,65,70,1
3.93666672706604,57,75,1
3.93666672706604,57,43,0
3.93666672706604,55,47,0
3.93666672706604,61,54,0
3.93666672706604,62,53,0
3.93666672706604,54,38,0
3.93666672706604,57,78,1
3.93666672706604,49,67,1
3.93666672706604,55,87,1
3.93666672706604,54,51,0
3.93666672706604,56,81,1
3.93666672706604,55,56,1
3.93666672706604,58,68,0
3.93666672706604,63,33,1
3.93666672706604,55,54,1
3.93666672706604,54,60,1
3.93666672706604,53,68,0
3.93666672706604,56,83,1
3.93666672706604,56,85,1
3.93666672706604,51,75,0
3.93666672706604,56,80,1
3.93666672706604,70,78,0
3.93666672706604,50,70,1
3.93666672706604,52,71,0
3.93666672706604,56,78,1
3.93666672706604,64,73,1
3.93666672706604,51,76,0
3.93666672706604,55,50,0
3.93666672706604,61,55,0
3.93666672706604,59,62,0
3.93666672706604,55,46,0
3.93666672706604,55,86,1
3.93666672706604,51,73,1
3.93666672706604,54,61,1
3.93666672706604,54,52,0
3.93666672706604,54,94,1
3.93666672706604,56,123,0
3.93666672706604,62,49,0
3.93666672706604,57,108,1
3.93666672706604,55,48,0
3.93666672706604,62,82,1
3.93666672706604,64,18,1
3.93666672706604,68,93,0
3.93666672706604,55,91,1
3.93666672706604,54,62,1
3.93666672706604,53,67,0
3.93666672706604,56,40,1
3.93666672706604,62,103,1
3.93666672706604,59,41,0
3.93666672706604,55,88,1
3.93666672706604,57,80,1
3.93666672706604,51,100,0
3.93666672706604,53,66,0
3.93666672706604,61,57,0
3.93666672706604,49,124,0
3.93666672706604,64,117,1
3.93666672706604,58,67,0
3.93666672706604,57,77,1
3.93666672706604,50,68,1
3.93666672706604,54,42,0
3.93666672706604,56,84,1
3.93666672706604,60,61,0
3.93666672706604,56,82,1
3.93666672706604,55,49,0
3.93666672706604,53,64,0
3.93666672706604,53,63,0
3.93666672706604,53,69,0
3.93666672706604,49,99,0
3.93666672706604,64,72,1
3.93666672706604,61,56,0
3.93666672706604,55,44,0
3.93666672706604,50,71,1
3.93666672706604,52,73,0
3.93666672706604,51,115,0
3.93666672706604,60,60,0
3.93666672706604,62,52,0
3.93666672706604,52,70,0
3.93666672706604,70,79,0
3.93666672706604,53,97,1
3.93666672706604,63,116,1
3.93666672706604,55,90,1
3.93666672706604,56,87,1
3.93666672706604,57,76,1
3.93666672706604,52,72,0
3.93666672706604,56,86,1
3.93666672706604,50,100,0
3.93666672706604,56,79,1
3.93666672706604,55,45,0
3.93666672706604,54,43,0
3.93666672706604,53,65,0
3.93666672706604,54,53,0
3.940000057220459,52,70,0
3.940000057220459,55,91,1
3.940000057220459,56,84,1
3.940000057220459,57,77,1
3.940000057220459,56,85,1
3.940000057220459,57,76,1
3.940000057220459,56,83,1
3.940000057220459,54,52,0
3.940000057220459,53,65,0
3.940000057220459,53,97,1
3.940000057220459,55,46,0
3.940000057220459,57,75,1
3.940000057220459,52,72,0
3.940000057220459,50,68,1
3.940000057220459,55,47,0
3.940000057220459,53,68,0
3.940000057220459,51,76,0
3.940000057220459,52,73,0
3.940000057220459,51,75,0
3.940000057220459,56,81,1
3.940000057220459,55,45,0
3.940000057220459,56,82,1
3.940000057220459,53,63,0
3.940000057220459,56,86,1
3.940000057220459,53,66,0
3.940000057220459,55,48,0
3.940000057220459,52,71,0
3.940000057220459,54,51,0
3.940000057220459,50,100,0
3.940000057220459,53,69,0
3.940000057220459,57,78,1
3.940000057220459,53,67,0
3.940000057220459,53,64,0
3.940000057220459,55,49,0
3.943333387374878,53,68,0
3.943333387374878,53,65,0
3.943333387374878,54,51,0
3.943333387374878,57,77,1
3.943333387374878,56,85,1
3.943333387374878,53,67,0
3.943333387374878,57,78,1
3.943333387374878,55,49,0
3.943333387374878,53,64,0
3.943333387374878,53,66,0
3.943333387374878,55,47,0
3.943333387374878,55,46,0
3.943333387374878,55,45,0
3.943333387374878,56,86,1
3.943333387374878,52,71,0
3.943333387374878,52,72,0
3.943333387374878,55,48,0
3.943333387374878,51,75,0
3.943333387374878,57,76,1
3.946666717529297,52,71,0
3.946666717529297,55,48,0
3.946666717529297,51,75,0
3.946666717529297,57,78,1
3.946666717529297,57,77,1
3.946666717529297,53,65,0
3.946666717529297,56,86,1
3.946666717529297,53,67,0
3.946666717529297,55,45,0
3.946666717529297,53,66,0
3.946666717529297,55,46,0
3.946666717529297,55,47,0
3.946666717529297,53,64,0
3.950000047683716,55,45,0
3.950000047683716,57,77,1
3.950000047683716,53,67,0
3.950000047683716,53,66,0
3.950000047683716,55,47,0
3.950000047683716,53,65,0
3.950000047683716,52,71,0
3.950000047683716,55,48,0
3.950000047683716,55,46,0
3.950000047683716,53,64,0
3.950000047683716,56,86,1
3.950000047683716,57,78,1
3.953333377838135,55,48,0
3.953333377838135,57,78,1
3.953333377838135,56,86,1
3.953333377838135,53,66,0
3.953333377838135,53,65,0
3.953333377838135,57,77,1
3.953333377838135,52,71,0
3.953333377838135,53,67,0
3.953333377838135,53,64,0
3.9566667079925537,53,66,0
3.9566667079925537,57,77,1
3.9566667079925537,52,71,0
3.9566667079925537,53,67,0
3.9566667079925537,53,64,0
3.9566667079925537,56,86,1
3.9566667079925537,53,65,0
3.9600000381469727,52,71,0
3.9600000381469727,53,66,0
3.963333368301392,53,66,0
3.963333368301392,52,71,0
3.9666666984558105,52,71,0
3.969696998596192,56,88,1
3.969696998596192,62,55,0
3.969696998596192,54,67,0
3.969696998596192,51,73,1
3.969696998596192,55,58,1
3.969696998596192,52,71,0
3.969696998596192,54,93,1
3.969696998596192,52,123,0
3.969696998596192,60,44,1
3.969696998596192,61,57,0
3.969696998596192,55,98,0
3.969696998596192,61,48,0
3.969696998596192,53,58,0
3.969696998596192,53,97,1
3.969696998596192,58,50,0
3.969696998596192,55,57,1
3.969696998596192,61,76,1
3.969696998596192,58,99,1
3.969696998596192,50,73,1
3.969696998596192,55,45,0
3.969696998596192,50,69,1
3.969696998596192,55,48,0
3.969696998596192,53,63,0
3.969696998596192,53,69,0
3.969696998596192,55,90,1
3.969696998596192,53,64,0
3.969696998596192,54,48,0
3.969696998596192,65,91,1
3.969696998596192,58,112,1
3.969696998596192,61,101,1
3.969696998596192,53,111,1
3.969696998596192,65,108,1
3.969696998596192,72,120,1
3.969696998596192,63,75,1
3.969696998596192,55,92,1
3.969696998596192,52,73,0
3.969696998596192,66,30,1
3.969696998596192,55,97,0
3.969696998596192,47,120,1
3.969696998596192,54,65,0
3.969696998596192,50,57,1
3.969696998596192,53,67,0
3.969696998596192,66,28,1
3.969696998596192,62,54,0
3.969696998596192,53,62,0
3.969696998596192,50,61,0
3.969696998596192,60,61,0
3.969696998596192,55,47,0
3.969696998596192,55,89,1
3.969696998596192,55,49,0
3.969696998596192,56,45,1
3.969696998596192,57,79,1
3.969696998596192,57,75,1
3.969696998596192,61,59,0
3.969696998596192,55,51,0
3.969696998596192,56,41,1
3.969696998596192,55,127,1
3.969696998596192,56,81,1
3.969696998596192,57,80,1
3.969696998596192,56,83,1
3.969696998596192,56,43,1
3.969696998596192,51,76,0
3.969696998596192,56,39,1
3.969696998596192,56,87,1
3.969696998596192,53,71,0
3.969696998596192,55,46,0
3.969696998596192,56,84,1
3.969696998596192,54,95,1
3.969696998596192,53,68,0
3.969696998596192,56,42,1
3.969696998596192,51,74,1
3.969696998596192,58,111,1
3.969696998596192,53,70,0
3.969696998596192,55,61,1
3.969696998596192,57,77,1
3.969696998596192,59,64,0
3.969696998596192,55,91,1
3.969696998596192,66,62,1
3.969696998596192,53,96,1
3.969696998596192,52,74,0
3.969696998596192,59,66,0
3.969696998596192,51,75,0
3.969696998596192,49,100,0
3.969696998596192,55,88,1
3.969696998596192,54,94,1
3.969696998596192,49,99,0
3.969696998596192,56,82,1
3.969696998596192,54,44,0
3.969696998596192,59,63,0
3.969696998596192,50,100,0
3.969696998596192,52,77,1
3.969696998596192,56,86,1
3.969696998596192,52,72,0
3.969696998596192,46,92,1
3.969696998596192,62,76,1
3.969696998596192,62,51,0
3.969696998596192,56,85,1
3.969696998596192,50,120,1
3.969696998596192,62,78,1
3.969696998596192,69,97,0
3.969696998596192,62,53,0
3.969696998596192,57,78,1
3.969696998596192,53,65,0
3.969696998596192,58,76,1
3.969696998596192,58,119,1
3.969696998596192,50,68,1
3.969696998596192,54,63,1
3.969696998596192,55,50,0
3.969696998596192,56,80,1
3.969696998596192,58,39,0
3.969696998596192,61,58,0
3.969696998596192,51,77,0
3.969696998596192,57,76,1
3.972727298736572,55,92,1
3.972727298736572,55,49,0
3.972727298736572,56,84,1
3.972727298736572,53,67,0
3.972727298736572,55,50,0
3.972727298736572,55,46,0
3.972727298736572,51,76,0
3.972727298736572,53,97,1
3.972727298736572,51,73,1
3.972727298736572,56,88,1
3.972727298736572,53,70,0
3.972727298736572,55,51,0
3.972727298736572,53,68,0
3.972727298736572,52,74,0
3.972727298736572,53,62,0
3.972727298736572,57,78,1
3.972727298736572,56,85,1
3.972727298736572,54,95,1
3.972727298736572,55,45,0
3.972727298736572,56,86,1
3.972727298736572,52,72,0
3.972727298736572,53,65,0
3.972727298736572,52,73,0
3.972727298736572,57,76,1
3.972727298736572,53,69,0
3.972727298736572,49,99,0
3.972727298736572,56,87,1
3.972727298736572,57,79,1
3.972727298736572,57,77,1
3.972727298736572,57,80,1
3.975757598876953,55,46,0
3.975757598876953,55,92,1
3.975757598876953,57,80,1
3.975757598876953,57,79,1
3.975757598876953,53,65,0
3.975757598876953,57,77,1
3.975757598876953,53,67,0
3.975757598876953,53,97,1
3.975757598876953,52,73,0
3.975757598876953,53,69,0
3.975757598876953,56,87,1
3.975757598876953,52,72,0
3.975757598876953,55,50,0
3.975757598876953,53,68,0
3.975757598876953,51,76,0
3.975757598876953,56,86,1
3.975757598876953,57,78,1
3.975757598876953,55,49,0
3.978787899017334,53,68,0
3.978787899017334,55,50,0
3.978787899017334,53,65,0
3.978787899017334,55,92,1
3.978787899017334,57,78,1
3.978787899017334,56,87,1
3.978787899017334,52,72,0
3.978787899017334,57,79,1
3.981818199157715,52,72,0
3.981818199157715,56,87,1
3.981818199157715,55,50,0
3.981818199157715,57,79,1
3.981818199157715,55,92,1
3.981818199157715,53,68,0
3.984848499298096,53,68,0
3.984848499298096,57,79,1
3.984848499298096,56,87,1
3.984848499298096,52,72,0
3.987878799438477,52,72,0
3.987878799438477,57,79,1
3.987878799438477,53,68,0
3.987878799438477,56,87,1
3.9909090995788574,53,68,0
3.9909090995788574,56,87,1
3.9909090995788574,57,79,1
3.9909090995788574,52,72,0
3.9939393997192383,53,68,0
3.9939393997192383,52,72,0
3.9939393997192383,56,87,1
3.996969699859619,52,72,0
4.0,52,72,0
4.003030300140381,71,58,1
4.003030300140381,57,79,1
4.003030300140381,50,119,1
4.003030300140381,53,69,0
4.003030300140381,64,19,1
4.003030300140381,53,70,0
4.003030300140381,57,76,1
4.003030300140381,63,53,0
4.003030300140381,49,125,0
4.003030300140381,57,80,1
4.003030300140381,63,51,0
4.003030300140381,52,74,0
4.003030300140381,49,63,1
4.003030300140381,55,48,0
4.003030300140381,57,123,0
4.003030300140381,56,87,1
4.003030300140381,56,51,1
4.003030300140381,57,111,1
4.003030300140381,50,100,0
4.003030300140381,56,88,1
4.003030300140381,50,70,1
4.003030300140381,62,48,0
4.003030300140381,55,89,1
4.003030300140381,69,97,0
4.003030300140381,53,71,0
4.003030300140381,59,68,0
4.003030300140381,55,52,0
4.003030300140381,65,29,0
4.003030300140381,59,67,0
4.003030300140381,53,65,0
4.003030300140381,55,90,1
4.003030300140381,53,97,1
4.003030300140381,56,85,1
4.003030300140381,59,65,0
4.003030300140381,63,50,0
4.003030300140381,56,48,1
4.003030300140381,57,40,1
4.003030300140381,55,51,0
4.003030300140381,56,82,1
4.003030300140381,56,54,1
4.003030300140381,57,78,1
4.003030300140381,62,57,0
4.003030300140381,62,54,0
4.003030300140381,52,73,0
4.003030300140381,56,83,1
4.003030300140381,50,57,1
4.003030300140381,55,44,0
4.003030300140381,50,68,1
4.003030300140381,49,99,0
4.003030300140381,50,99,0
4.003030300140381,55,59,1
4.003030300140381,59,66,0
4.003030300140381,66,54,1
4.003030300140381,51,99,0
4.003030300140381,55,126,0
4.003030300140381,66,58,1
4.003030300140381,55,62,1
4.003030300140381,51,123,0
4.003030300140381,55,45,0
4.003030300140381,60,63,0
4.003030300140381,56,52,1
4.003030300140381,55,60,1
4.003030300140381,55,91,1
4.003030300140381,54,67,0
4.003030300140381,59,64,0
4.003030300140381,55,55,1
4.003030300140381,65,21,1
4.003030300140381,51,75,1
4.003030300140381,51,73,1
4.003030300140381,63,54,0
4.003030300140381,55,63,1
4.003030300140381,52,98,1
4.003030300140381,61,58,0
4.003030300140381,55,67,1
4.003030300140381,51,78,0
4.003030300140381,51,100,0
4.003030300140381,50,108,1
4.003030300140381,49,98,0
4.003030300140381,54,94,1
4.003030300140381,51,72,1
4.003030300140381,62,56,0
4.003030300140381,55,56,1
4.003030300140381,60,62,0
4.003030300140381,54,125,1
4.003030300140381,55,50,0
4.003030300140381,54,95,1
4.003030300140381,57,39,1
4.003030300140381,54,45,0
4.003030300140381,49,68,1
4.003030300140381,54,68,0
4.003030300140381,61,59,0
4.003030300140381,49,65,1
4.003030300140381,53,72,0
4.003030300140381,57,82,1
4.003030300140381,53,95,1
4.003030300140381,56,84,1
4.003030300140381,66,26,1
4.003030300140381,56,86,1
4.003030300140381,55,61,1
4.003030300140381,50,75,1
4.003030300140381,50,67,1
4.003030300140381,62,55,0
4.003030300140381,51,74,1
4.003030300140381,54,117,0
4.003030300140381,55,92,1
4.003030300140381,61,60,0
4.003030300140381,51,77,0
4.003030300140381,57,81,1
4.003030300140381,59,116,1
4.003030300140381,63,52,0
4.003030300140381,56,95,0
4.003030300140381,57,77,1
4.003030300140381,54,93,1
4.003030300140381,52,75,0
4.003030300140381,55,47,0
4.003030300140381,56,44,1
4.006060600280762,56,88,1
4.006060600280762,57,79,1
4.006060600280762,54,95,1
4.006060600280762,51,72,1
4.006060600280762,51,100,0
4.006060600280762,52,74,0
4.006060600280762,62,55,0
4.006060600280762,55,51,0
4.006060600280762,55,62,1
4.006060600280762,55,50,0
4.006060600280762,55,92,1
4.006060600280762,53,69,0
4.006060600280762,52,75,0
4.006060600280762,50,68,1
4.006060600280762,57,81,1
4.006060600280762,56,87,1
4.006060600280762,54,67,0
4.006060600280762,53,71,0
4.006060600280762,55,91,1
4.006060600280762,53,70,0
4.006060600280762,57,78,1
4.006060600280762,57,80,1
4.006060600280762,62,57,0
4.006060600280762,52,73,0
4.006060600280762,50,100,0
4.006060600280762,51,77,0
4.009090900421143,52,74,0
4.009090900421143,53,71,0
4.009090900421143,57,81,1
4.009090900421143,57,80,1
4.009090900421143,55,92,1
4.009090900421143,56,88,1
4.009090900421143,57,79,1
4.009090900421143,53,70,0
4.009090900421143,54,95,1
4.009090900421143,52,73,0
4.009090900421143,53,69,0
4.012121200561523,52,74,0
4.012121200561523,53,70,0
4.012121200561523,57,80,1
4.012121200561523,53,69,0
4.012121200561523,57,81,1
4.012121200561523,53,71,0
4.012121200561523,56,88,1
4.012121200561523,52,73,0
4.012121200561523,55,92,1
4.015151500701904,57,80,1
4.015151500701904,57,81,1
4.015151500701904,56,88,1
4.015151500701904,53,69,0
4.015151500701904,53,70,0
4.015151500701904,52,73,0
4.018181800842285,57,81,1
4.018181800842285,56,88,1
4.018181800842285,52,73,0
4.018181800842285,53,69,0
4.018181800842285,57,80,1
4.018181800842285,53,70,0
4.021212100982666,56,88,1
4.021212100982666,52,73,0
4.021212100982666,53,69,0
4.021212100982666,57,81,1
4.024242401123047,56,88,1
4.024242401123047,52,73,0
4.024242401123047,57,81,1
4.024242401123047,53,69,0
4.027272701263428,52,73,0
4.027272701263428,56,88,1
4.027272701263428,53,69,0
4.030303001403809,52,73,0
4.0333333015441895,52,73,0
4.03636360168457,57,86,1
4.03636360168457,67,92,1
4.03636360168457,57,80,1
4.03636360168457,57,83,1
4.03636360168457,50,69,1
4.03636360168457,51,72,1
4.03636360168457,61,52,0
4.03636360168457,58,80,1
4.03636360168457,67,95,1
4.03636360168457,64,118,1
4.03636360168457,52,73,1
4.03636360168457,59,52,0
4.03636360168457,54,45,1
4.03636360168457,57,78,1
4.03636360168457,55,45,0
4.03636360168457,55,90,1
4.03636360168457,67,77,0
4.03636360168457,55,96,0
4.03636360168457,51,78,0
4.03636360168457,58,87,0
4.03636360168457,61,123,1
4.03636360168457,62,121,1
4.03636360168457,58,64,0
4.03636360168457,61,51,0
4.03636360168457,53,111,0
4.03636360168457,58,118,0
4.03636360168457,49,62,1
4.03636360168457,63,101,1
4.03636360168457,60,64,0
4.03636360168457,57,79,1
4.03636360168457,50,57,1
4.03636360168457,63,116,0
4.03636360168457,57,45,1
4.03636360168457,68,63,1
4.03636360168457,69,95,1
4.03636360168457,69,98,1
4.03636360168457,49,99,0
4.03636360168457,55,61,1
4.03636360168457,56,67,1
4.03636360168457,63,54,0
4.03636360168457,50,103,1
4.03636360168457,63,100,1
4.03636360168457,54,94,1
4.03636360168457,57,81,1
4.03636360168457,54,65,1
4.03636360168457,61,67,1
4.03636360168457,66,58,0
4.03636360168457,61,126,0
4.03636360168457,56,87,1
4.03636360168457,60,90,1
4.03636360168457,56,58,1
4.03636360168457,50,102,1
4.03636360168457,50,59,1
4.03636360168457,49,121,1
4.03636360168457,62,58,0
4.03636360168457,63,82,0
4.03636360168457,56,89,1
4.03636360168457,54,51,1
4.03636360168457,70,78,1
4.03636360168457,49,113,1
4.03636360168457,67,68,1
4.03636360168457,67,63,1
4.03636360168457,53,62,0
4.03636360168457,59,111,1
4.03636360168457,53,73,0
4.03636360168457,56,56,1
4.03636360168457,55,66,1
4.03636360168457,54,111,0
4.03636360168457,69,97,1
4.03636360168457,55,97,0
4.03636360168457,50,58,1
4.03636360168457,56,86,1
4.03636360168457,62,59,0
4.03636360168457,64,114,1
4.03636360168457,64,50,0
4.03636360168457,55,46,0
4.03636360168457,70,74,0
4.03636360168457,64,120,1
4.03636360168457,67,99,1
4.03636360168457,70,79,1
4.03636360168457,57,77,1
4.03636360168457,63,107,1
4.03636360168457,65,116,1
4.03636360168457,56,53,1
4.03636360168457,65,100,1
4.03636360168457,67,87,0
4.03636360168457,52,75,0
4.03636360168457,55,64,1
4.03636360168457,54,95,1
4.03636360168457,64,103,1
4.03636360168457,72,121,1
4.03636360168457,56,55,1
4.03636360168457,57,82,1
4.03636360168457,53,125,1
4.03636360168457,67,67,1
4.03636360168457,59,68,0
4.03636360168457,52,76,0
4.03636360168457,51,100,0
4.03636360168457,67,93,1
4.03636360168457,73,118,1
4.03636360168457,58,77,1
4.03636360168457,60,65,0
4.03636360168457,55,63,1
4.03636360168457,58,79,1
4.03636360168457,63,118,1
4.03636360168457,65,80,1
4.03636360168457,69,89,1
4.03636360168457,58,19,1
4.03636360168457,56,40,1
4.03636360168457,69,78,1
4.03636360168457,67,89,1
4.03636360168457,50,76,1
4.03636360168457,55,93,1
4.03636360168457,56,88,1
4.03636360168457,49,116,1
4.03636360168457,64,106,0
4.03636360168457,63,79,1
4.03636360168457,61,56,0
4.03636360168457,59,38,0
4.03636360168457,49,98,0
4.03636360168457,67,85,1
4.03636360168457,67,82,1
4.03636360168457,59,82,0
4.03636360168457,50,67,1
4.03636360168457,73,121,1
4.03636360168457,62,56,0
4.03636360168457,53,61,0
4.03636360168457,62,104,1
4.03636360168457,55,68,1
4.03636360168457,63,55,0
4.03636360168457,61,61,0
4.03636360168457,51,77,0
4.03636360168457,53,70,0
4.03636360168457,50,71,1
4.03636360168457,55,92,1
4.03636360168457,55,57,1
4.03636360168457,54,69,0
4.03636360168457,49,101,0
4.03636360168457,56,50,1
4.03636360168457,62,79,1
4.03636360168457,66,104,1
4.03636360168457,69,83,1
4.03636360168457,67,100,1
4.03636360168457,50,56,1
4.03636360168457,68,93,1
4.03636360168457,66,110,1
4.03636360168457,69,84,1
4.03636360168457,53,71,0
4.03636360168457,63,78,1
4.03636360168457,62,48,0
4.03636360168457,63,106,1
4.03636360168457,50,74,1
4.03636360168457,54,64,1
4.03636360168457,46,91,1
4.03636360168457,56,57,1
4.03636360168457,50,110,1
4.03636360168457,48,117,1
4.03636360168457,62,101,1
4.03636360168457,56,85,1
4.03636360168457,51,74,1
4.03636360168457,49,120,1
4.03636360168457,51,73,1
4.03636360168457,57,41,1
4.03636360168457,55,48,1
4.03636360168457,61,21,0
4.03636360168457,49,109,1
4.03636360168457,47,93,1
4.03636360168457,63,93,1
4.03636360168457,67,94,1
4.03636360168457,54,68,0
4.03636360168457,55,62,1
4.03636360168457,63,56,0
4.03636360168457,58,76,1
4.03636360168457,60,103,1
4.03636360168457,62,98,1
4.03636360168457,50,99,0
4.03636360168457,64,117,0
4.03636360168457,57,46,1
4.03636360168457,62,53,0
4.03636360168457,61,88,1
4.03636360168457,52,74,0
4.03636360168457,66,78,0
4.03636360168457,51,123,1
4.03636360168457,62,47,0
4.03636360168457,58,18,1
4.03636360168457,56,28,1
4.03636360168457,53,72,0
4.03636360168457,56,59,1
4.03636360168457,57,43,1
4.03636360168457,56,84,1
4.03636360168457,56,117,1
4.03636360168457,69,70,1
4.03636360168457,62,100,1
4.039393901824951,62,58,0
4.039393901824951,58,76,1
4.039393901824951,53,71,0
4.039393901824951,52,74,0
4.039393901824951,50,99,0
4.039393901824951,58,77,1
4.039393901824951,52,76,0
4.039393901824951,53,72,0
4.039393901824951,70,79,1
4.039393901824951,57,79,1
4.039393901824951,57,82,1
4.039393901824951,54,69,0
4.039393901824951,57,83,1
4.039393901824951,56,88,1
4.039393901824951,55,93,1
4.039393901824951,57,80,1
4.039393901824951,53,70,0
4.039393901824951,49,99,0
4.039393901824951,53,73,0
4.039393901824951,57,81,1
4.039393901824951,51,100,0
4.039393901824951,52,75,0
4.039393901824951,61,61,0
4.039393901824951,56,89,1
4.039393901824951,57,78,1
4.039393901824951,70,74,0
4.039393901824951,56,87,1
4.039393901824951,54,68,0
4.042424201965332,58,77,1
4.042424201965332,56,89,1
4.042424201965332,53,71,0
4.042424201965332,53,70,0
4.042424201965332,52,74,0
4.042424201965332,58,76,1
4.042424201965332,57,83,1
4.042424201965332,54,68,0
4.042424201965332,57,81,1
4.042424201965332,54,69,0
4.042424201965332,53,72,0
4.042424201965332,51,100,0
4.042424201965332,57,82,1
4.045454502105713,51,100,0
4.045454502105713,52,74,0
4.045454502105713,58,76,1
4.045454502105713,58,77,1
4.045454502105713,57,83,1
4.045454502105713,57,82,1
4.045454502105713,56,89,1
4.045454502105713,53,71,0
4.045454502105713,53,70,0
4.045454502105713,57,81,1
4.048484802246094,56,89,1
4.048484802246094,58,77,1
4.048484802246094,52,74,0
4.048484802246094,57,82,1
4.048484802246094,57,83,1
4.048484802246094,53,71,0
4.048484802246094,58,76,1
4.048484802246094,53,70,0
4.051515102386475,57,82,1
4.051515102386475,56,89,1
4.051515102386475,57,83,1
4.051515102386475,58,76,1
4.051515102386475,53,71,0
4.051515102386475,52,74,0
4.051515102386475,53,70,0
4.051515102386475,58,77,1
4.054545402526856,57,83,1
4.054545402526856,57,82,1
4.054545402526856,53,71,0
4.054545402526856,52,74,0
4.054545402526856,53,70,0
4.054545402526856,58,77,1
4.057575702667236,53,71,0
4.057575702667236,52,74,0
4.057575702667236,57,82,1
4.057575702667236,57,83,1
4.060606002807617,53,71,0
4.060606002807617,52,74,0
4.063636302947998,53,71,0
4.063636302947998,52,74,0
4.066666603088379,53,71,0
4.069047451019287,57,80,1
4.069047451019287,49,99,0
4.069047451019287,62,61,0
4.069047451019287,60,39,0
4.069047451019287,65,70,1
4.069047451019287,62,90,1
4.069047451019287,64,53,0
4.069047451019287,50,68,1
4.069047451019287,53,74,0
4.069047451019287,56,52,1
4.069047451019287,49,66,1
4.069047451019287,49,98,0
4.069047451019287,57,84,1
4.069047451019287,54,95,1
4.069047451019287,63,53,0
4.069047451019287,57,82,1
4.069047451019287,57,85,1
4.069047451019287,51,72,1
4.069047451019287,53,71,0
4.069047451019287,54,66,0
4.069047451019287,60,66,0
4.069047451019287,63,56,0
4.069047451019287,52,75,0
4.069047451019287,55,90,1
4.069047451019287,56,61,1
4.069047451019287,55,64,1
4.069047451019287,53,125,0
4.069047451019287,48,122,0
4.069047451019287,53,97,1
4.069047451019287,56,87,1
4.069047451019287,53,62,0
4.069047451019287,50,72,1
4.069047451019287,65,50,1
4.069047451019287,50,99,0
4.069047451019287,56,126,0
4.069047451019287,63,55,0
4.069047451019287,55,92,1
4.069047451019287,51,74,1
4.069047451019287,54,25,0
4.069047451019287,60,64,0
4.069047451019287,60,65,0
4.069047451019287,56,54,1
4.069047451019287,56,51,1
4.069047451019287,64,54,0
4.069047451019287,57,81,1
4.069047451019287,51,114,1
4.069047451019287,60,118,0
4.069047451019287,56,63,1
4.069047451019287,56,123,1
4.069047451019287,63,75,0
4.069047451019287,65,51,1
4.069047451019287,65,52,1
4.069047451019287,59,67,0
4.069047451019287,58,110,1
4.069047451019287,58,79,1
4.069047451019287,63,57,0
4.069047451019287,57,83,1
4.069047451019287,50,69,1
4.069047451019287,56,96,0
4.069047451019287,51,99,0
4.069047451019287,53,73,0
4.069047451019287,58,77,1
4.069047451019287,58,75,1
4.069047451019287,56,59,1
4.069047451019287,56,85,1
4.069047451019287,62,52,0
4.069047451019287,52,76,0
4.069047451019287,55,63,1
4.069047451019287,51,78,0
4.069047451019287,51,98,0
4.069047451019287,54,23,0
4.069047451019287,61,62,0
4.069047451019287,58,39,1
4.069047451019287,57,49,1
4.069047451019287,62,60,0
4.069047451019287,53,59,0
4.069047451019287,63,54,0
4.069047451019287,55,91,1
4.069047451019287,51,73,1
4.069047451019287,53,72,0
4.069047451019287,60,40,0
4.069047451019287,54,122,1
4.069047451019287,49,104,0
4.069047451019287,50,67,1
4.069047451019287,60,68,0
4.069047451019287,55,93,1
4.069047451019287,56,86,1
4.069047451019287,63,48,0
4.069047451019287,57,53,1
4.069047451019287,49,102,0
4.069047451019287,58,76,1
4.069047451019287,54,69,0
4.069047451019287,54,71,0
4.069047451019287,56,38,1
4.069047451019287,55,65,1
4.069047451019287,56,27,1
4.069047451019287,60,59,0
4.069047451019287,64,99,1
4.069047451019287,63,58,0
4.069047451019287,56,88,1
4.069047451019287,60,55,0
4.069047451019287,56,90,1
4.069047451019287,56,67,1
4.069047451019287,54,68,0
4.069047451019287,51,100,0
4.069047451019287,62,59,0
4.069047451019287,56,89,1
4.069047451019287,54,70,0
4.069047451019287,62,64,1
4.069047451019287,58,78,1
4.069047451019287,54,94,1
4.069047451019287,49,105,0
4.069047451019287,64,52,0
4.069047451019287,49,67,1
4.069047451019287,65,68,1
4.069047451019287,60,38,0
4.069047451019287,56,60,1
4.069047451019287,52,77,0
4.069047451019287,57,79,1
4.069047451019287,61,63,0
4.069047451019287,58,100,1
4.069047451019287,55,45,0
4.069047451019287,56,62,1
4.069047451019287,61,18,1
4.069047451019287,63,99,1
4.071428298950195,58,79,1
4.071428298950195,52,75,0
4.071428298950195,50,99,0
4.071428298950195,57,82,1
4.071428298950195,58,78,1
4.071428298950195,57,84,1
4.071428298950195,56,88,1
4.071428298950195,65,50,1
4.071428298950195,49,98,0
4.071428298950195,54,95,1
4.071428298950195,53,73,0
4.071428298950195,53,71,0
4.071428298950195,54,70,0
4.071428298950195,57,80,1
4.071428298950195,57,81,1
4.071428298950195,58,77,1
4.071428298950195,56,61,1
4.071428298950195,52,77,0
4.071428298950195,55,92,1
4.071428298950195,52,76,0
4.071428298950195,51,72,1
4.071428298950195,58,76,1
4.071428298950195,64,53,0
4.071428298950195,54,69,0
4.071428298950195,57,83,1
4.071428298950195,57,85,1
4.071428298950195,65,51,1
4.071428298950195,50,67,1
4.071428298950195,56,90,1
4.071428298950195,56,89,1
4.071428298950195,53,72,0
4.073809146881104,53,72,0
4.073809146881104,65,51,1
4.073809146881104,52,76,0
4.073809146881104,57,83,1
4.073809146881104,53,71,0
4.073809146881104,58,78,1
4.073809146881104,57,82,1
4.073809146881104,56,89,1
4.073809146881104,56,90,1
4.073809146881104,52,75,0
4.073809146881104,54,70,0
4.073809146881104,58,77,1
4.073809146881104,58,79,1
4.073809146881104,57,84,1
4.073809146881104,54,69,0
4.073809146881104,56,88,1
4.073809146881104,54,95,1
4.073809146881104,51,72,1
4.073809146881104,58,76,1
4.073809146881104,57,85,1
4.073809146881104,53,73,0
4.07619047164917,65,51,1
4.07619047164917,57,84,1
4.07619047164917,53,73,0
4.07619047164917,56,89,1
4.07619047164917,52,75,0
4.07619047164917,57,85,1
4.07619047164917,53,71,0
4.07619047164917,53,72,0
4.07619047164917,58,77,1
4.07619047164917,58,78,1
4.07619047164917,57,83,1
4.078571319580078,58,77,1
4.078571319580078,56,89,1
4.078571319580078,53,72,0
4.078571319580078,57,85,1
4.078571319580078,58,78,1
4.078571319580078,57,84,1
4.078571319580078,52,75,0
4.078571319580078,57,83,1
4.080952167510986,57,84,1
4.080952167510986,53,72,0
4.080952167510986,52,75,0
4.080952167510986,56,89,1
4.080952167510986,58,78,1
4.083333015441895,57,84,1
4.083333015441895,53,72,0
4.083333015441895,58,78,1
4.083333015441895,52,75,0
4.085714340209961,57,84,1
4.085714340209961,53,72,0
4.085714340209961,58,78,1
4.088095188140869,53,72,0
4.088095188140869,58,78,1
4.088095188140869,57,84,1
4.090476036071777,53,72,0
4.090476036071777,57,84,1
4.0928568840026855,57,84,1
4.095238208770752,57,84,1
4.09761905670166,57,84,1
4.099999904632568,57,84,1
4.103333473205566,54,69,0
4.103333473205566,54,95,1
4.103333473205566,57,52,1
4.103333473205566,56,49,1
4.103333473205566,51,72,1
4.103333473205566,65,70,1
4.103333473205566,56,67,1
4.103333473205566,50,71,1
4.103333473205566,61,46,0
4.103333473205566,62,45,0
4.103333473205566,68,97,1
4.103333473205566,59,80,1
4.103333473205566,63,60,0
4.103333473205566,56,57,1
4.103333473205566,50,99,0
4.103333473205566,69,76,1
4.103333473205566,52,77,0
4.103333473205566,51,77,1
4.103333473205566,57,51,1
4.103333473205566,51,75,1
4.103333473205566,57,85,1
4.103333473205566,57,123,1
4.103333473205566,63,58,0
4.103333473205566,61,53,0
4.103333473205566,65,51,1
4.103333473205566,60,100,0
4.103333473205566,55,65,1
4.103333473205566,58,113,0
4.103333473205566,57,84,1
4.103333473205566,53,72,0
4.103333473205566,56,90,1
4.103333473205566,64,55,0
4.103333473205566,57,59,1
4.103333473205566,60,67,0
4.103333473205566,49,100,0
4.103333473205566,56,66,1
4.103333473205566,56,63,1
4.103333473205566,53,60,0
4.103333473205566,60,40,0
4.103333473205566,56,62,1
4.103333473205566,57,54,1
4.103333473205566,57,53,1
4.103333473205566,60,63,0
4.103333473205566,48,114,1
4.103333473205566,70,73,1
4.103333473205566,53,96,1
4.103333473205566,64,54,0
4.103333473205566,56,88,1
4.103333473205566,62,60,0
4.103333473205566,60,62,0
4.103333473205566,63,52,0
4.103333473205566,49,65,1
4.103333473205566,54,72,0
4.103333473205566,51,79,0
4.103333473205566,66,25,1
4.103333473205566,47,94,1
4.103333473205566,57,83,1
4.103333473205566,63,49,0
4.103333473205566,55,91,1
4.103333473205566,62,62,0
4.103333473205566,50,67,1
4.103333473205566,63,59,0
4.103333473205566,50,58,1
4.103333473205566,51,112,1
4.103333473205566,65,50,1
4.103333473205566,51,76,1
4.103333473205566,57,81,1
4.103333473205566,65,52,1
4.103333473205566,61,57,0
4.103333473205566,54,70,0
4.103333473205566,49,64,1
4.103333473205566,51,73,1
4.103333473205566,58,78,1
4.103333473205566,64,56,0
4.103333473205566,58,77,1
4.103333473205566,50,57,1
4.103333473205566,50,68,1
4.103333473205566,55,93,1
4.103333473205566,63,57,0
4.103333473205566,50,70,1
4.103333473205566,53,75,0
4.103333473205566,58,81,1
4.103333473205566,54,109,0
4.103333473205566,58,76,1
4.103333473205566,55,20,0
4.103333473205566,61,40,0
4.103333473205566,53,61,0
4.103333473205566,58,46,1
4.103333473205566,58,126,1
4.103333473205566,50,66,1
4.103333473205566,66,23,1
4.103333473205566,50,55,1
4.103333473205566,53,73,0
4.103333473205566,52,99,0
4.103333473205566,52,76,0
4.103333473205566,54,71,0
4.103333473205566,62,61,0
4.103333473205566,64,57,0
4.103333473205566,61,49,0
4.103333473205566,57,82,1
4.103333473205566,53,74,0
4.103333473205566,58,103,1
4.103333473205566,59,38,1
4.103333473205566,57,56,1
4.103333473205566,51,103,1
4.103333473205566,55,45,1
4.103333473205566,53,98,1
4.103333473205566,50,81,0
4.103333473205566,59,78,1
4.103333473205566,55,64,1
4.103333473205566,62,46,0
4.103333473205566,59,126,0
4.103333473205566,56,86,1
4.103333473205566,57,86,1
4.103333473205566,60,68,0
4.103333473205566,58,79,1
4.103333473205566,57,50,1
4.103333473205566,56,61,1
4.103333473205566,59,102,1
4.103333473205566,61,39,0
4.103333473205566,49,97,0
4.103333473205566,56,89,1
4.103333473205566,55,44,1
4.103333473205566,61,64,0
4.103333473205566,64,51,0
4.103333473205566,56,60,1
4.103333473205566,49,98,0
4.103333473205566,58,80,1
4.103333473205566,51,119,1
4.103333473205566,57,103,1
4.103333473205566,54,67,0
4.103333473205566,55,92,1
4.103333473205566,74,51,1
4.103333473205566,61,63,0
4.103333473205566,57,57,1
4.103333473205566,59,79,1
4.103333473205566,69,97,1
4.103333473205566,57,55,1
4.103333473205566,51,99,0
4.103333473205566,66,93,1
4.103333473205566,56,87,1
4.106666564941406,53,75,0
4.106666564941406,57,81,1
4.106666564941406,53,74,0
4.106666564941406,57,84,1
4.106666564941406,50,67,1
4.106666564941406,58,79,1
4.106666564941406,50,58,1
4.106666564941406,51,73,1
4.106666564941406,57,86,1
4.106666564941406,56,90,1
4.106666564941406,58,76,1
4.106666564941406,53,73,0
4.106666564941406,54,70,0
4.106666564941406,52,77,0
4.106666564941406,64,57,0
4.106666564941406,57,83,1
4.106666564941406,58,80,1
4.106666564941406,57,85,1
4.106666564941406,57,82,1
4.106666564941406,63,59,0
4.106666564941406,53,61,0
4.106666564941406,51,75,1
4.106666564941406,55,93,1
4.106666564941406,54,69,0
4.106666564941406,52,76,0
4.106666564941406,56,89,1
4.106666564941406,51,72,1
4.106666564941406,49,98,0
4.106666564941406,58,78,1
4.106666564941406,58,77,1
4.106666564941406,65,52,1
4.106666564941406,50,99,0
4.106666564941406,65,50,1
4.106666564941406,54,71,0
4.110000133514404,52,76,0
4.110000133514404,54,71,0
4.110000133514404,53,74,0
4.110000133514404,55,93,1
4.110000133514404,58,80,1
4.110000133514404,58,79,1
4.110000133514404,49,98,0
4.110000133514404,51,72,1
4.110000133514404,53,61,0
4.110000133514404,50,99,0
4.110000133514404,53,73,0
4.110000133514404,57,85,1
4.110000133514404,58,78,1
4.110000133514404,57,86,1
4.110000133514404,54,70,0
4.110000133514404,57,84,1
4.110000133514404,56,90,1
4.113333225250244,55,93,1
4.113333225250244,57,84,1
4.113333225250244,51,72,1
4.113333225250244,58,80,1
4.113333225250244,58,79,1
4.113333225250244,52,76,0
4.113333225250244,57,86,1
4.113333225250244,57,85,1
4.113333225250244,53,73,0
4.113333225250244,54,70,0
4.113333225250244,53,74,0
4.113333225250244,56,90,1
4.116666793823242,58,80,1
4.116666793823242,55,93,1
4.116666793823242,53,74,0
4.116666793823242,53,73,0
4.116666793823242,56,90,1
4.116666793823242,58,79,1
4.116666793823242,57,86,1
4.116666793823242,52,76,0
4.116666793823242,57,85,1
4.116666793823242,54,70,0
4.119999885559082,55,93,1
4.119999885559082,56,90,1
4.119999885559082,58,79,1
4.119999885559082,52,76,0
4.119999885559082,57,85,1
4.119999885559082,53,73,0
4.119999885559082,57,86,1
4.119999885559082,54,70,0
4.119999885559082,58,80,1
4.12333345413208,57,86,1
4.12333345413208,58,80,1
4.12333345413208,57,85,1
4.12333345413208,56,90,1
4.12333345413208,52,76,0
4.12333345413208,54,70,0
4.12333345413208,53,73,0
4.12666654586792,53,73,0
4.12666654586792,52,76,0
4.12666654586792,58,80,1
4.130000114440918,58,80,1
4.130000114440918,52,76,0
4.130000114440918,53,73,0
4.133333206176758,52,76,0
4.133333206176758,53,73,0
4.136363506317139,59,41,1
4.136363506317139,54,68,0
4.136363506317139,55,46,1
4.136363506317139,54,69,0
4.136363506317139,57,56,1
4.136363506317139,50,57,1
4.136363506317139,65,54,0
4.136363506317139,62,62,0
4.136363506317139,54,43,1
4.136363506317139,51,72,1
4.136363506317139,63,47,0
4.136363506317139,50,60,1
4.136363506317139,65,48,1
4.136363506317139,54,72,0
4.136363506317139,66,27,1
4.136363506317139,59,78,1
4.136363506317139,61,40,0
4.136363506317139,61,66,0
4.136363506317139,53,50,1
4.136363506317139,58,81,1
4.136363506317139,62,50,0
4.136363506317139,60,119,1
4.136363506317139,56,88,1
4.136363506317139,60,39,1
4.136363506317139,57,117,1
4.136363506317139,56,66,1
4.136363506317139,53,62,0
4.136363506317139,63,46,0
4.136363506317139,49,98,0
4.136363506317139,54,24,0
4.136363506317139,58,55,1
4.136363506317139,57,58,1
4.136363506317139,55,92,1
4.136363506317139,58,53,1
4.136363506317139,51,73,1
4.136363506317139,62,63,0
4.136363506317139,50,67,1
4.136363506317139,61,65,0
4.136363506317139,57,63,1
4.136363506317139,51,74,1
4.136363506317139,64,35,1
4.136363506317139,65,69,1
4.136363506317139,55,42,1
4.136363506317139,58,82,1
4.136363506317139,64,59,0
4.136363506317139,54,40,1
4.136363506317139,56,45,1
4.136363506317139,64,58,0
4.136363506317139,57,86,1
4.136363506317139,58,56,1
4.136363506317139,52,77,0
4.136363506317139,61,41,0
4.136363506317139,58,57,1
4.136363506317139,49,69,1
4.136363506317139,66,54,1
4.136363506317139,56,46,1
4.136363506317139,62,64,0
4.136363506317139,56,89,1
4.136363506317139,67,83,1
4.136363506317139,55,94,1
4.136363506317139,59,42,1
4.136363506317139,56,90,1
4.136363506317139,57,83,1
4.136363506317139,65,57,0
4.136363506317139,57,87,1
4.136363506317139,53,61,0
4.136363506317139,58,78,1
4.136363506317139,57,62,1
4.136363506317139,58,80,1
4.136363506317139,49,120,1
4.136363506317139,60,57,0
4.136363506317139,58,51,1
4.136363506317139,53,97,1
4.136363506317139,65,45,0
4.136363506317139,66,55,1
4.136363506317139,55,43,1
4.136363506317139,56,87,1
4.136363506317139,57,67,1
4.136363506317139,58,79,1
4.136363506317139,65,49,1
4.136363506317139,53,98,1
4.136363506317139,58,77,1
4.136363506317139,60,38,1
4.136363506317139,59,45,1
4.136363506317139,51,58,1
4.136363506317139,49,119,1
4.136363506317139,54,94,1
4.136363506317139,58,52,1
4.136363506317139,56,64,1
4.136363506317139,66,52,0
4.136363506317139,61,42,0
4.136363506317139,56,65,1
4.136363506317139,53,75,0
4.136363506317139,63,32,1
4.136363506317139,50,112,1
4.136363506317139,61,43,0
4.136363506317139,49,97,0
4.136363506317139,55,44,1
4.136363506317139,58,96,1
4.136363506317139,51,71,1
4.136363506317139,57,59,1
4.136363506317139,65,56,0
4.136363506317139,47,93,1
4.136363506317139,58,54,1
4.136363506317139,63,60,0
4.136363506317139,55,45,1
4.136363506317139,55,91,1
4.136363506317139,65,55,0
4.136363506317139,64,56,0
4.136363506317139,67,84,1
4.136363506317139,59,87,0
4.136363506317139,50,59,1
4.136363506317139,59,39,1
4.136363506317139,50,99,0
4.136363506317139,54,95,1
4.136363506317139,50,66,1
4.136363506317139,54,73,0
4.136363506317139,58,50,1
4.136363506317139,52,78,0
4.136363506317139,61,68,0
4.136363506317139,63,53,0
4.136363506317139,51,99,0
4.136363506317139,64,55,0
4.136363506317139,57,84,1
4.136363506317139,55,93,1
4.136363506317139,56,127,1
4.136363506317139,57,60,1
4.136363506317139,57,61,1
4.136363506317139,53,76,0
4.136363506317139,56,91,1
4.136363506317139,59,76,1
4.136363506317139,53,74,0
4.136363506317139,61,67,0
4.136363506317139,57,85,1
4.136363506317139,51,122,1
4.136363506317139,54,111,1
4.136363506317139,59,77,1
4.136363506317139,64,53,0
4.136363506317139,62,57,0
4.136363506317139,64,57,0
4.136363506317139,63,61,0
4.136363506317139,50,68,1
4.136363506317139,56,63,1
4.136363506317139,54,71,0
4.136363506317139,62,61,0
4.136363506317139,64,60,0
4.136363506317139,50,98,0
4.136363506317139,52,99,0
4.136363506317139,50,69,1
4.136363506317139,48,96,0
4.13939380645752,61,66,0
4.13939380645752,58,79,1
4.13939380645752,56,65,1
4.13939380645752,57,85,1
4.13939380645752,64,58,0
4.13939380645752,58,82,1
4.13939380645752,65,48,1
4.13939380645752,57,84,1
4.13939380645752,58,80,1
4.13939380645752,57,62,1
4.13939380645752,52,78,0
4.13939380645752,50,98,0
4.13939380645752,65,49,1
4.13939380645752,57,83,1
4.13939380645752,61,42,0
4.13939380645752,66,55,1
4.13939380645752,56,90,1
4.13939380645752,57,86,1
4.13939380645752,57,87,1
4.13939380645752,59,77,1
4.13939380645752,49,98,0
4.13939380645752,53,75,0
4.13939380645752,50,59,1
4.13939380645752,58,81,1
4.13939380645752,62,63,0
4.13939380645752,55,45,1
4.13939380645752,54,72,0
4.13939380645752,53,74,0
4.13939380645752,59,78,1
4.13939380645752,56,88,1
4.13939380645752,57,61,1
4.13939380645752,57,67,1
4.13939380645752,50,99,0
4.13939380645752,51,99,0
4.13939380645752,66,54,1
4.13939380645752,54,71,0
4.13939380645752,56,91,1
4.13939380645752,54,73,0
4.13939380645752,58,78,1
4.13939380645752,55,93,1
4.13939380645752,52,77,0
4.13939380645752,59,76,1
4.13939380645752,51,71,1
4.13939380645752,57,60,1
4.13939380645752,56,89,1
4.1424241065979,50,99,0
4.1424241065979,52,77,0
4.1424241065979,53,74,0
4.1424241065979,58,82,1
4.1424241065979,59,77,1
4.1424241065979,57,87,1
4.1424241065979,57,86,1
4.1424241065979,54,72,0
4.1424241065979,55,45,1
4.1424241065979,65,48,1
4.1424241065979,59,76,1
4.1424241065979,53,75,0
4.1424241065979,57,85,1
4.1424241065979,49,98,0
4.1424241065979,58,80,1
4.1424241065979,66,54,1
4.1424241065979,58,79,1
4.1424241065979,56,91,1
4.1424241065979,54,71,0
4.1424241065979,65,49,1
4.1424241065979,56,90,1
4.1424241065979,58,81,1
4.145454406738281,57,87,1
4.145454406738281,55,45,1
4.145454406738281,53,74,0
4.145454406738281,56,91,1
4.145454406738281,52,77,0
4.145454406738281,58,81,1
4.145454406738281,54,72,0
4.145454406738281,57,86,1
4.145454406738281,59,76,1
4.145454406738281,65,49,1
4.145454406738281,58,82,1
4.145454406738281,54,71,0
4.145454406738281,58,80,1
4.145454406738281,59,77,1
4.148484706878662,58,82,1
4.148484706878662,59,77,1
4.148484706878662,53,74,0
4.148484706878662,52,77,0
4.148484706878662,58,81,1
4.148484706878662,59,76,1
4.148484706878662,57,87,1
4.148484706878662,54,71,0
4.151515007019043,53,74,0
4.151515007019043,58,81,1
4.151515007019043,54,71,0
4.151515007019043,52,77,0
4.151515007019043,57,87,1
4.151515007019043,59,77,1
4.151515007019043,58,82,1
4.154545307159424,54,71,0
4.154545307159424,57,87,1
4.154545307159424,52,77,0
4.154545307159424,58,81,1
4.154545307159424,53,74,0
4.154545307159424,58,82,1
4.154545307159424,59,77,1
4.157575607299805,53,74,0
4.157575607299805,58,82,1
4.157575607299805,58,81,1
4.157575607299805,54,71,0
4.157575607299805,59,77,1
4.157575607299805,57,87,1
4.1606059074401855,53,74,0
4.1606059074401855,58,82,1
4.1606059074401855,54,71,0
4.1606059074401855,59,77,1
4.1606059074401855,57,87,1
4.1606059074401855,58,81,1
4.163636207580566,57,87,1
4.163636207580566,53,74,0
4.166666507720947,57,87,1
4.170000076293945,54,103,1
4.170000076293945,55,46,1
4.170000076293945,54,95,1
4.170000076293945,58,83,1
4.170000076293945,53,60,0
4.170000076293945,66,51,0
4.170000076293945,54,72,0
4.170000076293945,62,66,0
4.170000076293945,59,50,1
4.170000076293945,51,102,1
4.170000076293945,56,91,1
4.170000076293945,56,18,0
4.170000076293945,54,73,0
4.170000076293945,49,99,0
4.170000076293945,61,35,0
4.170000076293945,54,96,1
4.170000076293945,50,66,1
4.170000076293945,55,92,1
4.170000076293945,61,67,0
4.170000076293945,58,56,1
4.170000076293945,57,66,1
4.170000076293945,51,77,1
4.170000076293945,53,75,0
4.170000076293945,63,63,0
4.170000076293945,53,76,0
4.170000076293945,49,59,1
4.170000076293945,55,93,1
4.170000076293945,58,58,1
4.170000076293945,61,39,1
4.170000076293945,57,86,1
4.170000076293945,57,87,1
4.170000076293945,58,81,1
4.170000076293945,49,98,0
4.170000076293945,65,44,0
4.170000076293945,58,61,1
4.170000076293945,48,82,1
4.170000076293945,54,70,0
4.170000076293945,58,57,1
4.170000076293945,65,58,0
4.170000076293945,52,99,0
4.170000076293945,61,69,0
4.170000076293945,50,98,0
4.170000076293945,54,41,1
4.170000076293945,49,97,0
4.170000076293945,52,76,0
4.170000076293945,56,89,1
4.170000076293945,50,59,1
4.170000076293945,64,61,0
4.170000076293945,66,56,1
4.170000076293945,62,65,0
4.170000076293945,62,64,0
4.170000076293945,58,47,1
4.170000076293945,50,68,1
4.170000076293945,54,44,0
4.170000076293945,59,54,1
4.170000076293945,51,98,0
4.170000076293945,59,52,1
4.170000076293945,61,40,1
4.170000076293945,51,73,1
4.170000076293945,66,57,1
4.170000076293945,53,59,0
4.170000076293945,58,79,1
4.170000076293945,59,49,1
4.170000076293945,61,65,0
4.170000076293945,50,70,1
4.170000076293945,58,60,1
4.170000076293945,59,40,1
4.170000076293945,53,77,0
4.170000076293945,55,72,0
4.170000076293945,63,61,0
4.170000076293945,54,74,0
4.170000076293945,59,75,1
4.170000076293945,49,61,1
4.170000076293945,59,76,1
4.170000076293945,54,43,0
4.170000076293945,59,79,1
4.170000076293945,66,58,1
4.170000076293945,51,99,0
4.170000076293945,61,64,0
4.170000076293945,57,88,1
4.170000076293945,51,72,1
4.170000076293945,51,74,1
4.170000076293945,52,79,0
4.170000076293945,52,78,0
4.170000076293945,58,82,1
4.170000076293945,62,39,0
4.170000076293945,57,64,1
4.170000076293945,62,54,0
4.170000076293945,51,75,1
4.170000076293945,65,55,0
4.170000076293945,57,68,1
4.170000076293945,56,65,1
4.170000076293945,49,66,1
4.170000076293945,59,104,1
4.170000076293945,53,98,1
4.170000076293945,54,75,0
4.170000076293945,54,67,0
4.170000076293945,58,80,1
4.170000076293945,58,86,0
4.170000076293945,66,55,1
4.170000076293945,66,54,1
4.170000076293945,65,48,1
4.170000076293945,59,48,1
4.170000076293945,65,46,1
4.170000076293945,51,71,1
4.170000076293945,56,90,1
4.170000076293945,59,77,1
4.170000076293945,58,84,1
4.170000076293945,50,73,1
4.170000076293945,64,54,0
4.170000076293945,55,47,1
4.170000076293945,54,69,0
4.170000076293945,54,68,0
4.170000076293945,57,85,1
4.170000076293945,63,62,0
4.170000076293945,55,71,0
4.170000076293945,49,96,0
4.170000076293945,51,76,1
4.170000076293945,57,84,1
4.170000076293945,50,69,1
4.170000076293945,56,64,1
4.170000076293945,65,57,0
4.170000076293945,65,47,1
4.170000076293945,59,78,1
4.170000076293945,64,60,0
4.170000076293945,52,77,0
4.170000076293945,60,40,1
4.170000076293945,57,63,1
4.170000076293945,64,24,0
4.170000076293945,58,59,1
4.170000076293945,56,95,0
4.170000076293945,64,46,0
4.173333168029785,58,81,1
4.173333168029785,56,90,1
4.173333168029785,52,77,0
4.173333168029785,53,76,0
4.173333168029785,63,62,0
4.173333168029785,57,88,1
4.173333168029785,53,75,0
4.173333168029785,57,84,1
4.173333168029785,66,58,1
4.173333168029785,50,66,1
4.173333168029785,66,56,1
4.173333168029785,58,83,1
4.173333168029785,57,87,1
4.173333168029785,54,74,0
4.173333168029785,58,58,1
4.173333168029785,66,51,0
4.173333168029785,49,97,0
4.173333168029785,59,79,1
4.173333168029785,54,72,0
4.173333168029785,54,73,0
4.173333168029785,56,91,1
4.173333168029785,55,46,1
4.173333168029785,49,98,0
4.173333168029785,55,93,1
4.173333168029785,55,71,0
4.173333168029785,57,86,1
4.173333168029785,54,70,0
4.173333168029785,51,72,1
4.173333168029785,58,80,1
4.173333168029785,59,76,1
4.173333168029785,52,78,0
4.173333168029785,52,99,0
4.173333168029785,51,71,1
4.173333168029785,66,57,1
4.173333168029785,59,77,1
4.173333168029785,58,84,1
4.173333168029785,51,99,0
4.173333168029785,66,55,1
4.173333168029785,59,78,1
4.173333168029785,58,82,1
4.176666736602783,54,72,0
4.176666736602783,54,73,0
4.176666736602783,58,82,1
4.176666736602783,58,80,1
4.176666736602783,59,79,1
4.176666736602783,54,74,0
4.176666736602783,59,77,1
4.176666736602783,66,58,1
4.176666736602783,59,78,1
4.176666736602783,57,87,1
4.176666736602783,52,77,0
4.176666736602783,57,88,1
4.176666736602783,58,81,1
4.176666736602783,51,99,0
4.176666736602783,66,55,1
4.176666736602783,53,76,0
4.176666736602783,58,83,1
4.176666736602783,66,57,1
4.176666736602783,52,78,0
4.176666736602783,53,75,0
4.176666736602783,59,76,1
4.176666736602783,56,91,1
4.176666736602783,58,84,1
4.176666736602783,66,56,1
4.179999828338623,54,72,0
4.179999828338623,66,55,1
4.179999828338623,57,87,1
4.179999828338623,58,83,1
4.179999828338623,54,73,0
4.179999828338623,58,82,1
4.179999828338623,52,77,0
4.179999828338623,57,88,1
4.179999828338623,66,57,1
4.179999828338623,53,75,0
4.179999828338623,59,78,1
4.179999828338623,66,56,1
4.179999828338623,56,91,1
4.179999828338623,58,84,1
4.179999828338623,59,79,1
4.179999828338623,59,77,1
4.183333396911621,52,77,0
4.183333396911621,56,91,1
4.183333396911621,66,57,1
4.183333396911621,66,56,1
4.183333396911621,54,72,0
4.183333396911621,54,73,0
4.183333396911621,53,75,0
4.183333396911621,57,88,1
4.183333396911621,59,78,1
4.183333396911621,59,79,1
4.183333396911621,58,83,1
4.186666488647461,59,78,1
4.186666488647461,54,72,0
4.186666488647461,58,83,1
4.186666488647461,57,88,1
4.186666488647461,52,77,0
4.186666488647461,53,75,0
4.186666488647461,66,56,1
4.186666488647461,54,73,0
4.186666488647461,59,79,1
4.190000057220459,52,77,0
4.190000057220459,59,78,1
4.190000057220459,57,88,1
4.190000057220459,54,73,0
4.190000057220459,53,75,0
4.190000057220459,54,72,0
4.190000057220459,59,79,1
4.190000057220459,58,83,1
4.193333148956299,53,75,0
4.193333148956299,54,73,0
4.193333148956299,58,83,1
4.193333148956299,59,78,1
4.196666717529297,58,83,1
4.196666717529297,59,78,1
4.196666717529297,54,73,0
4.196666717529297,53,75,0
4.199999809265137,53,75,0
4.2037034034729,62,43,0
4.2037034034729,49,60,1
4.2037034034729,58,54,1
4.2037034034729,58,61,1
4.2037034034729,51,98,0
4.2037034034729,53,97,1
4.2037034034729,67,53,0
4.2037034034729,67,52,0
4.2037034034729,52,78,0
4.2037034034729,53,77,0
4.2037034034729,54,96,1
4.2037034034729,57,88,1
4.2037034034729,59,77,1
4.2037034034729,64,61,0
4.2037034034729,65,54,0
4.2037034034729,60,48,1
4.2037034034729,63,64,0
4.2037034034729,66,60,1
4.2037034034729,54,73,0
4.2037034034729,56,91,1
4.2037034034729,67,54,0
4.2037034034729,59,53,1
4.2037034034729,50,61,1
4.2037034034729,58,63,1
4.2037034034729,66,58,1
4.2037034034729,56,92,1
4.2037034034729,58,83,1
4.2037034034729,58,38,1
4.2037034034729,53,61,0
4.2037034034729,69,97,1
4.2037034034729,50,66,1
4.2037034034729,63,50,0
4.2037034034729,57,86,1
4.2037034034729,61,68,0
4.2037034034729,56,109,0
4.2037034034729,55,111,1
4.2037034034729,66,49,0
4.2037034034729,51,99,0
4.2037034034729,58,60,1
4.2037034034729,50,60,1
4.2037034034729,70,100,1
4.2037034034729,61,60,0
4.2037034034729,64,63,0
4.2037034034729,55,45,1
4.2037034034729,66,59,1
4.2037034034729,57,89,1
4.2037034034729,50,98,0
4.2037034034729,61,42,1
4.2037034034729,56,25,1
4.2037034034729,55,73,0
4.2037034034729,63,41,0
4.2037034034729,51,77,1
4.2037034034729,59,57,1
4.2037034034729,54,69,0
4.2037034034729,56,89,1
4.2037034034729,54,75,0
4.2037034034729,67,58,1
4.2037034034729,63,40,0
4.2037034034729,55,72,0
4.2037034034729,58,84,1
4.2037034034729,50,65,1
4.2037034034729,65,46,1
4.2037034034729,57,87,1
4.2037034034729,63,39,0
4.2037034034729,57,34,0
4.2037034034729,54,42,1
4.2037034034729,51,71,1
4.2037034034729,49,63,1
4.2037034034729,61,76,0
4.2037034034729,49,64,1
4.2037034034729,51,78,1
4.2037034034729,63,51,0
4.2037034034729,65,71,1
4.2037034034729,63,56,0
4.2037034034729,63,65,0
4.2037034034729,58,82,1
4.2037034034729,50,67,1
4.2037034034729,50,97,0
4.2037034034729,67,55,1
4.2037034034729,62,65,0
4.2037034034729,58,59,1
4.2037034034729,64,62,0
4.2037034034729,66,62,0
4.2037034034729,65,59,0
4.2037034034729,69,95,1
4.2037034034729,55,94,1
4.2037034034729,59,58,1
4.2037034034729,59,78,1
4.2037034034729,61,63,0
4.2037034034729,58,62,1
4.2037034034729,53,60,0
4.2037034034729,58,42,1
4.2037034034729,59,80,1
4.2037034034729,66,64,0
4.2037034034729,57,65,1
4.2037034034729,55,93,1
4.2037034034729,53,76,0
4.2037034034729,64,52,0
4.2037034034729,59,79,1
4.2037034034729,65,61,0
4.2037034034729,52,79,0
4.2037034034729,69,106,1
4.2037034034729,63,58,0
4.2037034034729,59,113,0
4.2037034034729,51,122,0
4.2037034034729,65,67,1
4.2037034034729,48,120,1
4.2037034034729,64,59,0
4.2037034034729,60,77,1
4.2037034034729,64,47,0
4.2037034034729,65,48,1
4.2037034034729,55,46,1
4.2037034034729,66,30,1
4.2037034034729,65,45,1
4.2037034034729,58,67,1
4.2037034034729,65,60,0
4.2037034034729,56,26,1
4.2037034034729,62,67,0
4.2037034034729,57,66,1
4.2037034034729,62,69,0
4.2037034034729,47,92,1
4.2037034034729,64,46,0
4.2037034034729,65,47,1
4.2037034034729,59,81,1
4.2037034034729,62,66,0
4.2037034034729,51,72,1
4.2037034034729,54,74,0
4.2037034034729,57,85,1
4.2037034034729,67,56,1
4.2037034034729,49,96,0
4.2037034034729,59,56,1
4.2037034034729,69,92,1
4.2037034034729,64,22,0
4.2037034034729,50,58,1
4.2037034034729,62,39,1
4.2037034034729,62,42,0
4.2037034034729,59,55,1
4.2037034034729,61,43,1
4.2037034034729,66,50,0
4.2037034034729,57,63,1
4.2037034034729,52,99,0
4.2037034034729,57,64,1
4.2037034034729,54,66,0
4.2037034034729,67,51,0
4.2037034034729,66,26,1
4.2037034034729,69,107,1
4.2037034034729,51,74,1
4.2037034034729,66,57,1
4.2037034034729,63,63,0
4.2037034034729,67,57,1
4.2037034034729,61,46,1
4.2037034034729,58,81,1
4.2037034034729,56,90,1
4.2037034034729,60,76,1
4.2037034034729,54,41,1
4.2037034034729,51,76,1
4.2037034034729,58,102,1
4.2037034034729,52,100,0
4.2037034034729,55,71,0
4.2037034034729,58,68,1
4.2037034034729,54,59,1
4.2037034034729,49,97,0
4.2037034034729,58,85,1
4.2037034034729,65,20,1
4.2037034034729,51,75,1
4.2037034034729,62,68,0
4.207406997680664,58,85,1
4.207406997680664,52,79,0
4.207406997680664,67,52,0
4.207406997680664,63,39,0
4.207406997680664,63,64,0
4.207406997680664,54,75,0
4.207406997680664,54,41,1
4.207406997680664,58,81,1
4.207406997680664,50,66,1
4.207406997680664,57,87,1
4.207406997680664,59,77,1
4.207406997680664,59,81,1
4.207406997680664,58,83,1
4.207406997680664,66,58,1
4.207406997680664,50,98,0
4.207406997680664,54,74,0
4.207406997680664,69,95,1
4.207406997680664,67,57,1
4.207406997680664,67,53,0
4.207406997680664,66,57,1
4.207406997680664,64,62,0
4.207406997680664,55,45,1
4.207406997680664,59,80,1
4.207406997680664,57,89,1
4.207406997680664,57,86,1
4.207406997680664,54,69,0
4.207406997680664,54,73,0
4.207406997680664,67,51,0
4.207406997680664,59,78,1
4.207406997680664,55,94,1
4.207406997680664,65,47,1
4.207406997680664,58,84,1
4.207406997680664,66,59,1
4.207406997680664,50,58,1
4.207406997680664,65,60,0
4.207406997680664,65,46,1
4.207406997680664,67,55,1
4.207406997680664,60,76,1
4.207406997680664,58,67,1
4.207406997680664,52,78,0
4.207406997680664,67,56,1
4.207406997680664,51,99,0
4.207406997680664,55,72,0
4.207406997680664,67,54,0
4.207406997680664,60,77,1
4.207406997680664,59,79,1
4.207406997680664,52,99,0
4.207406997680664,53,77,0
4.207406997680664,66,49,0
4.207406997680664,49,97,0
4.207406997680664,56,91,1
4.207406997680664,66,60,1
4.207406997680664,57,88,1
4.207406997680664,58,82,1
4.207406997680664,51,71,1
4.207406997680664,53,76,0
4.207406997680664,67,58,1
4.211111068725586,67,57,1
4.211111068725586,60,76,1
4.211111068725586,65,47,1
4.211111068725586,54,73,0
4.211111068725586,66,59,1
4.211111068725586,50,98,0
4.211111068725586,67,55,1
4.211111068725586,60,77,1
4.211111068725586,53,76,0
4.211111068725586,66,60,1
4.211111068725586,59,80,1
4.211111068725586,55,72,0
4.211111068725586,55,45,1
4.211111068725586,54,74,0
4.211111068725586,57,87,1
4.211111068725586,57,88,1
4.211111068725586,58,83,1
4.211111068725586,57,89,1
4.211111068725586,51,99,0
4.211111068725586,67,56,1
4.211111068725586,67,53,0
4.211111068725586,52,99,0
4.211111068725586,53,77,0
4.211111068725586,66,58,1
4.211111068725586,58,84,1
4.211111068725586,54,75,0
4.211111068725586,59,81,1
4.211111068725586,65,46,1
4.211111068725586,51,71,1
4.211111068725586,59,79,1
4.211111068725586,52,78,0
4.211111068725586,58,85,1
4.211111068725586,59,78,1
4.211111068725586,67,52,0
4.21481466293335,67,56,1
4.21481466293335,54,73,0
4.21481466293335,66,59,1
4.21481466293335,57,88,1
4.21481466293335,60,77,1
4.21481466293335,54,74,0
4.21481466293335,52,78,0
4.21481466293335,55,72,0
4.21481466293335,58,85,1
4.21481466293335,52,99,0
4.21481466293335,67,55,1
4.21481466293335,59,79,1
4.21481466293335,67,57,1
4.21481466293335,53,76,0
4.21481466293335,51,99,0
4.21481466293335,66,60,1
4.21481466293335,59,80,1
4.21481466293335,58,84,1
4.21481466293335,66,58,1
4.218518257141113,59,80,1
4.218518257141113,66,59,1
4.218518257141113,52,99,0
4.218518257141113,58,85,1
4.218518257141113,67,55,1
4.218518257141113,52,78,0
4.218518257141113,67,56,1
4.218518257141113,54,74,0
4.218518257141113,54,73,0
4.218518257141113,53,76,0
4.218518257141113,60,77,1
4.218518257141113,67,57,1
4.218518257141113,58,84,1
4.222221851348877,52,78,0
4.222221851348877,53,76,0
4.222221851348877,60,77,1
4.222221851348877,58,85,1
4.222221851348877,54,74,0
4.222221851348877,59,80,1
4.222221851348877,58,84,1
4.222221851348877,67,56,1
4.222221851348877,52,99,0
4.225925445556641,60,77,1
4.225925445556641,58,85,1
4.225925445556641,54,74,0
4.225925445556641,59,80,1
4.225925445556641,52,78,0
4.2296295166015625,54,74,0
4.2296295166015625,59,80,1
4.2296295166015625,52,78,0
4.233333110809326,59,80,1
4.23703670501709,59,61,1
4.23703670501709,51,98,0
4.23703670501709,62,68,0
4.23703670501709,56,127,0
4.23703670501709,50,61,1
4.23703670501709,54,42,1
4.23703670501709,67,60,1
4.23703670501709,55,47,1
4.23703670501709,55,41,1
4.23703670501709,66,60,1
4.23703670501709,67,49,0
4.23703670501709,68,52,0
4.23703670501709,59,116,0
4.23703670501709,50,62,1
4.23703670501709,56,91,1
4.23703670501709,60,55,1
4.23703670501709,51,119,0
4.23703670501709,53,98,1
4.23703670501709,67,59,1
4.23703670501709,55,72,0
4.23703670501709,62,45,1
4.23703670501709,66,62,1
4.23703670501709,56,90,1
4.23703670501709,50,59,1
4.23703670501709,60,79,1
4.23703670501709,54,43,1
4.23703670501709,50,66,1
4.23703670501709,66,28,1
4.23703670501709,53,76,0
4.23703670501709,66,42,1
4.23703670501709,58,118,1
4.23703670501709,53,34,0
4.23703670501709,58,86,1
4.23703670501709,54,69,0
4.23703670501709,57,96,0
4.23703670501709,68,77,1
4.23703670501709,55,74,0
4.23703670501709,50,98,0
4.23703670501709,55,122,1
4.23703670501709,66,29,1
4.23703670501709,49,115,1
4.23703670501709,56,101,1
4.23703670501709,59,103,1
4.23703670501709,50,99,0
4.23703670501709,64,40,0
4.23703670501709,54,76,0
4.23703670501709,59,79,1
4.23703670501709,55,107,0
4.23703670501709,64,49,0
4.23703670501709,63,67,0
4.23703670501709,64,23,0
4.23703670501709,59,81,1
4.23703670501709,53,78,0
4.23703670501709,50,67,1
4.23703670501709,58,85,1
4.23703670501709,53,57,0
4.23703670501709,63,66,0
4.23703670501709,59,78,1
4.23703670501709,60,54,1
4.23703670501709,54,74,0
4.23703670501709,51,71,1
4.23703670501709,67,50,0
4.23703670501709,53,49,1
4.23703670501709,55,20,0
4.23703670501709,68,53,0
4.23703670501709,66,49,0
4.23703670501709,67,57,1
4.23703670501709,55,32,1
4.23703670501709,58,66,1
4.23703670501709,59,57,1
4.23703670501709,51,97,0
4.23703670501709,54,44,1
4.23703670501709,67,55,1
4.23703670501709,60,57,1
4.23703670501709,69,61,1
4.23703670501709,59,36,1
4.23703670501709,59,123,0
4.23703670501709,50,60,1
4.23703670501709,64,42,0
4.23703670501709,58,63,1
4.23703670501709,62,67,0
4.23703670501709,62,69,0
4.23703670501709,54,68,0
4.23703670501709,66,50,0
4.23703670501709,58,84,1
4.23703670501709,66,59,1
4.23703670501709,62,42,1
4.23703670501709,56,123,0
4.23703670501709,51,99,0
4.23703670501709,60,76,1
4.23703670501709,62,43,1
4.23703670501709,57,89,1
4.23703670501709,51,65,1
4.23703670501709,61,100,1
4.23703670501709,64,74,1
4.23703670501709,59,80,1
4.23703670501709,64,63,0
4.23703670501709,58,82,1
4.23703670501709,54,75,0
4.23703670501709,51,74,1
4.23703670501709,63,17,1
4.23703670501709,51,111,1
4.23703670501709,51,72,1
4.23703670501709,50,56,1
4.23703670501709,63,22,1
4.23703670501709,50,97,0
4.23703670501709,57,87,1
4.23703670501709,52,79,0
4.23703670501709,63,39,1
4.23703670501709,75,66,1
4.23703670501709,69,78,1
4.23703670501709,51,70,1
4.23703670501709,56,92,1
4.23703670501709,64,64,0
4.23703670501709,66,48,0
4.23703670501709,59,59,1
4.23703670501709,59,58,1
4.23703670501709,68,56,1
4.23703670501709,52,98,0
4.23703670501709,49,96,0
4.23703670501709,67,56,1
4.23703670501709,53,77,0
4.23703670501709,55,94,1
4.23703670501709,55,93,1
4.23703670501709,59,54,1
4.23703670501709,55,73,0
4.23703670501709,51,73,1
4.23703670501709,68,54,0
4.23703670501709,57,24,1
4.23703670501709,58,64,1
4.23703670501709,64,39,0
4.23703670501709,63,75,1
4.23703670501709,67,66,0
4.23703670501709,61,49,1
4.23703670501709,59,60,1
4.23703670501709,58,83,1
4.23703670501709,69,95,1
4.23703670501709,50,68,1
4.23703670501709,63,44,0
4.23703670501709,63,65,0
4.23703670501709,59,68,1
4.23703670501709,55,30,1
4.23703670501709,65,62,0
4.23703670501709,58,62,1
4.23703670501709,64,73,1
4.23703670501709,60,77,1
4.23703670501709,64,71,1
4.23703670501709,62,64,0
4.23703670501709,63,42,0
4.23703670501709,60,78,1
4.23703670501709,68,57,1
4.23703670501709,49,97,0
4.23703670501709,50,57,1
4.23703670501709,52,80,0
4.23703670501709,57,88,1
4.23703670501709,54,95,1
4.23703670501709,50,65,1
4.23703670501709,62,16,1
4.23703670501709,64,41,0
4.23703670501709,67,58,1
4.23703670501709,60,53,1
4.23703670501709,53,35,0
4.23703670501709,55,46,1
4.23703670501709,66,24,1
4.23703670501709,59,82,1
4.23703670501709,57,65,1
4.23703670501709,63,52,0
4.23703670501709,66,61,1
4.2407402992248535,49,97,0
4.2407402992248535,67,56,1
4.2407402992248535,56,90,1
4.2407402992248535,58,85,1
4.2407402992248535,52,79,0
4.2407402992248535,55,73,0
4.2407402992248535,57,89,1
4.2407402992248535,53,78,0
4.2407402992248535,57,88,1
4.2407402992248535,55,46,1
4.2407402992248535,60,76,1
4.2407402992248535,69,61,1
4.2407402992248535,59,81,1
4.2407402992248535,63,44,0
4.2407402992248535,56,92,1
4.2407402992248535,67,60,1
4.2407402992248535,58,83,1
4.2407402992248535,68,54,0
4.2407402992248535,50,61,1
4.2407402992248535,54,76,0
4.2407402992248535,50,59,1
4.2407402992248535,59,80,1
4.2407402992248535,67,57,1
4.2407402992248535,58,64,1
4.2407402992248535,54,75,0
4.2407402992248535,50,98,0
4.2407402992248535,55,94,1
4.2407402992248535,51,70,1
4.2407402992248535,58,82,1
4.2407402992248535,60,78,1
4.2407402992248535,59,82,1
4.2407402992248535,66,62,1
4.2407402992248535,56,91,1
4.2407402992248535,59,60,1
4.2407402992248535,49,96,0
4.2407402992248535,54,43,1
4.2407402992248535,54,74,0
4.2407402992248535,54,44,1
4.2407402992248535,60,77,1
4.2407402992248535,58,86,1
4.2407402992248535,58,84,1
4.2407402992248535,66,60,1
4.2407402992248535,63,39,1
4.2407402992248535,68,56,1
4.2407402992248535,64,41,0
4.2407402992248535,53,77,0
4.2407402992248535,66,61,1
4.2407402992248535,68,57,1
4.2407402992248535,59,79,1
4.2407402992248535,55,72,0
4.2407402992248535,68,53,0
4.2407402992248535,67,58,1
4.2407402992248535,67,59,1
4.2407402992248535,64,40,0
4.244444370269775,56,92,1
4.244444370269775,59,80,1
4.244444370269775,67,57,1
4.244444370269775,66,61,1
4.244444370269775,60,78,1
4.244444370269775,55,94,1
4.244444370269775,58,86,1
4.244444370269775,67,58,1
4.244444370269775,58,85,1
4.244444370269775,66,62,1
4.244444370269775,66,60,1
4.244444370269775,60,77,1
4.244444370269775,59,81,1
4.244444370269775,49,97,0
4.244444370269775,67,59,1
4.244444370269775,57,89,1
4.244444370269775,53,77,0
4.244444370269775,59,82,1
4.244444370269775,52,79,0
4.244444370269775,54,75,0
4.244444370269775,54,76,0
4.244444370269775,59,79,1
4.244444370269775,50,98,0
4.244444370269775,54,74,0
4.244444370269775,54,43,1
4.244444370269775,64,41,0
4.244444370269775,55,73,0
4.248147964477539,67,59,1
4.248147964477539,67,57,1
4.248147964477539,60,77,1
4.248147964477539,60,78,1
4.248147964477539,59,80,1
4.248147964477539,58,86,1
4.248147964477539,59,81,1
4.248147964477539,58,85,1
4.248147964477539,59,82,1
4.248147964477539,54,75,0
4.248147964477539,66,62,1
4.248147964477539,57,89,1
4.248147964477539,54,74,0
4.248147964477539,66,61,1
4.248147964477539,67,58,1
4.248147964477539,53,77,0
4.251852035522461,59,81,1
4.251852035522461,66,61,1
4.251852035522461,60,78,1
4.251852035522461,59,82,1
4.251852035522461,57,89,1
4.251852035522461,67,58,1
4.251852035522461,54,74,0
4.251852035522461,53,77,0
4.251852035522461,66,62,1
4.251852035522461,67,59,1
4.251852035522461,54,75,0
4.251852035522461,60,77,1
4.251852035522461,58,86,1
4.255555629730225,59,82,1
4.255555629730225,58,86,1
4.255555629730225,54,75,0
4.255555629730225,66,61,1
4.255555629730225,57,89,1
4.255555629730225,59,81,1
4.255555629730225,67,58,1
4.255555629730225,53,77,0
4.255555629730225,67,59,1
4.255555629730225,66,62,1
4.255555629730225,60,78,1
4.259259223937988,59,82,1
4.259259223937988,60,78,1
4.259259223937988,54,75,0
4.259259223937988,58,86,1
4.259259223937988,57,89,1
4.259259223937988,66,61,1
4.259259223937988,67,58,1
4.259259223937988,59,81,1
4.26296329498291,59,82,1
4.26296329498291,54,75,0
4.26296329498291,60,78,1
4.26296329498291,58,86,1
4.266666889190674,58,86,1
4.266666889190674,60,78,1
4.270000457763672,66,48,0
4.270000457763672,57,89,1
4.270000457763672,60,80,1
4.270000457763672,69,55,0
4.270000457763672,61,48,1
4.270000457763672,51,70,1
4.270000457763672,59,67,1
4.270000457763672,67,51,0
4.270000457763672,57,87,1
4.270000457763672,67,50,0
4.270000457763672,64,65,0
4.270000457763672,62,70,0
4.270000457763672,51,71,1
4.270000457763672,50,62,1
4.270000457763672,63,114,1
4.270000457763672,65,43,0
4.270000457763672,64,43,0
4.270000457763672,58,65,1
4.270000457763672,63,68,0
4.270000457763672,49,96,0
4.270000457763672,49,65,1
4.270000457763672,54,75,0
4.270000457763672,64,53,0
4.270000457763672,58,126,0
4.270000457763672,63,41,1
4.270000457763672,50,65,1
4.270000457763672,65,40,0
4.270000457763672,49,62,1
4.270000457763672,63,69,0
4.270000457763672,60,60,1
4.270000457763672,53,61,0
4.270000457763672,64,66,0
4.270000457763672,63,74,1
4.270000457763672,55,93,1
4.270000457763672,53,97,1
4.270000457763672,50,58,1
4.270000457763672,51,98,0
4.270000457763672,67,61,1
4.270000457763672,60,76,1
4.270000457763672,54,94,1
4.270000457763672,64,57,0
4.270000457763672,66,77,1
4.270000457763672,57,88,1
4.270000457763672,61,34,0
4.270000457763672,60,78,1
4.270000457763672,59,61,1
4.270000457763672,59,84,1
4.270000457763672,57,108,0
4.270000457763672,54,69,0
4.270000457763672,68,58,1
4.270000457763672,49,103,1
4.270000457763672,54,44,1
4.270000457763672,59,62,1
4.270000457763672,68,53,0
4.270000457763672,57,90,1
4.270000457763672,63,40,1
4.270000457763672,68,57,1
4.270000457763672,60,121,1
4.270000457763672,58,86,1
4.270000457763672,54,64,0
4.270000457763672,50,98,0
4.270000457763672,60,58,1
4.270000457763672,54,46,1
4.270000457763672,59,68,1
4.270000457763672,56,92,1
4.270000457763672,50,61,1
4.270000457763672,68,55,0
4.270000457763672,65,42,0
4.270000457763672,70,73,0
4.270000457763672,56,53,1
4.270000457763672,67,49,0
4.270000457763672,66,87,0
4.270000457763672,59,63,1
4.270000457763672,49,97,0
4.270000457763672,65,53,0
4.270000457763672,66,61,1
4.270000457763672,68,56,1
4.270000457763672,51,73,1
4.270000457763672,69,61,0
4.270000457763672,60,55,1
4.270000457763672,50,66,1
4.270000457763672,50,68,1
4.270000457763672,55,46,0
4.270000457763672,61,53,1
4.270000457763672,66,47,0
4.270000457763672,55,73,0
4.270000457763672,54,68,0
4.270000457763672,51,72,1
4.270000457763672,55,75,0
4.270000457763672,64,44,0
4.270000457763672,50,69,1
4.270000457763672,60,79,1
4.270000457763672,53,98,1
4.270000457763672,54,67,0
4.270000457763672,67,48,0
4.270000457763672,64,74,1
4.270000457763672,60,59,1
4.270000457763672,63,67,0
4.270000457763672,55,74,0
4.270000457763672,50,59,1
4.270000457763672,58,87,1
4.270000457763672,55,48,1
4.270000457763672,67,62,1
4.270000457763672,55,47,1
4.270000457763672,60,54,1
4.270000457763672,55,45,0
4.270000457763672,68,54,0
4.270000457763672,55,72,0
4.270000457763672,54,95,1
4.270000457763672,67,75,1
4.270000457763672,51,76,1
4.270000457763672,59,64,1
4.270000457763672,65,61,0
4.270000457763672,54,65,0
4.270000457763672,54,76,0
4.270000457763672,50,77,1
4.270000457763672,58,66,1
4.270000457763672,53,60,0
4.270000457763672,59,81,1
4.270000457763672,55,70,0
4.270000457763672,56,91,1
4.270000457763672,65,39,0
4.270000457763672,51,77,1
4.270000457763672,69,54,0
4.270000457763672,59,83,1
4.270000457763672,63,42,1
4.270000457763672,67,60,1
4.270000457763672,66,64,1
4.270000457763672,66,63,1
4.270000457763672,52,76,0
4.270000457763672,61,76,1
4.270000457763672,68,60,1
4.270000457763672,65,41,0
4.270000457763672,49,81,1
4.270000457763672,52,80,0
4.270000457763672,50,60,1
4.270000457763672,58,85,1
4.270000457763672,55,94,1
4.270000457763672,49,78,1
4.270000457763672,68,52,0
4.270000457763672,53,58,0
4.270000457763672,50,97,0
4.270000457763672,66,53,0
4.270000457763672,50,64,1
4.270000457763672,58,84,1
4.270000457763672,50,63,1
4.270000457763672,60,67,0
4.270000457763672,65,70,1
4.270000457763672,66,52,0
4.270000457763672,61,77,1
4.270000457763672,62,46,1
4.270000457763672,59,117,0
4.270000457763672,61,78,1
4.270000457763672,53,78,0
4.270000457763672,49,76,1
4.270000457763672,60,56,1
4.270000457763672,59,33,1
4.270000457763672,66,86,0
4.270000457763672,64,39,1
4.270000457763672,60,77,1
4.270000457763672,52,78,1
4.270000457763672,59,82,1
4.270000457763672,54,96,1
4.270000457763672,64,63,0
4.270000457763672,60,57,1
4.270000457763672,59,35,1
4.270000457763672,59,80,1
4.270000457763672,65,63,0
4.270000457763672,64,19,1
4.270000457763672,66,62,1
4.270000457763672,62,48,1
4.270000457763672,63,75,1
4.270000457763672,54,77,0
4.270000457763672,67,59,1
4.270000457763672,52,99,0
4.270000457763672,53,96,1
4.270000457763672,62,69,0
4.270000457763672,68,59,1
4.270000457763672,64,45,0
4.270000457763672,53,77,0
4.270000457763672,51,75,1
4.270000457763672,66,76,1
4.270000457763672,68,76,1
4.270000457763672,66,66,0
4.270000457763672,54,45,1
4.273333549499512,68,59,1
4.273333549499512,57,90,1
4.273333549499512,51,70,1
4.273333549499512,64,45,0
4.273333549499512,50,97,0
4.273333549499512,54,46,1
4.273333549499512,67,50,0
4.273333549499512,58,85,1
4.273333549499512,67,60,1
4.273333549499512,60,79,1
4.273333549499512,60,78,1
4.273333549499512,68,57,1
4.273333549499512,67,62,1
4.273333549499512,55,73,0
4.273333549499512,54,45,1
4.273333549499512,64,65,0
4.273333549499512,68,58,1
4.273333549499512,54,76,0
4.273333549499512,50,60,1
4.273333549499512,58,65,1
4.273333549499512,59,67,1
4.273333549499512,54,44,1
4.273333549499512,54,75,0
4.273333549499512,59,62,1
4.273333549499512,59,82,1
4.273333549499512,60,77,1
4.273333549499512,54,96,1
4.273333549499512,50,63,1
4.273333549499512,67,59,1
4.273333549499512,49,97,0
4.273333549499512,58,84,1
4.273333549499512,55,94,1
4.273333549499512,58,87,1
4.273333549499512,50,61,1
4.273333549499512,60,80,1
4.273333549499512,67,49,0
4.273333549499512,59,83,1
4.273333549499512,55,74,0
4.273333549499512,58,86,1
4.273333549499512,53,60,0
4.273333549499512,66,47,0
4.273333549499512,57,89,1
4.273333549499512,59,81,1
4.273333549499512,59,84,1
4.273333549499512,51,98,0
4.273333549499512,66,62,1
4.273333549499512,61,76,1
4.273333549499512,55,48,1
4.273333549499512,67,61,1
4.273333549499512,50,65,1
4.273333549499512,52,78,1
4.273333549499512,64,44,0
4.273333549499512,68,55,0
4.273333549499512,56,92,1
4.273333549499512,59,80,1
4.273333549499512,68,56,1
4.273333549499512,60,59,1
4.273333549499512,50,62,1
4.273333549499512,57,88,1
4.273333549499512,66,63,1
4.273333549499512,64,43,0
4.273333549499512,53,78,0
4.273333549499512,54,68,0
4.273333549499512,65,40,0
4.273333549499512,53,77,0
4.27666711807251,56,92,1
4.27666711807251,59,82,1
4.27666711807251,54,76,0
4.27666711807251,60,77,1
4.27666711807251,60,78,1
4.27666711807251,66,62,1
4.27666711807251,67,61,1
4.27666711807251,53,77,0
4.27666711807251,60,80,1
4.27666711807251,53,78,0
4.27666711807251,50,61,1
4.27666711807251,52,78,1
4.27666711807251,67,60,1
4.27666711807251,55,94,1
4.27666711807251,50,65,1
4.27666711807251,60,79,1
4.27666711807251,68,58,1
4.27666711807251,54,44,1
4.27666711807251,58,86,1
4.27666711807251,68,59,1
4.27666711807251,59,83,1
4.27666711807251,55,73,0
4.27666711807251,57,90,1
4.27666711807251,54,96,1
4.27666711807251,66,63,1
4.27666711807251,68,57,1
4.27666711807251,54,75,0
4.27666711807251,61,76,1
4.27666711807251,50,60,1
4.27666711807251,57,89,1
4.27666711807251,67,62,1
4.27666711807251,55,74,0
4.27666711807251,58,87,1
4.27666711807251,58,85,1
4.27666711807251,59,81,1
4.28000020980835,59,82,1
4.28000020980835,53,77,0
4.28000020980835,68,59,1
4.28000020980835,58,87,1
4.28000020980835,66,63,1
4.28000020980835,58,86,1
4.28000020980835,54,76,0
4.28000020980835,68,58,1
4.28000020980835,54,75,0
4.28000020980835,68,57,1
4.28000020980835,60,79,1
4.28000020980835,56,92,1
4.28000020980835,50,65,1
4.28000020980835,55,74,0
4.28000020980835,55,94,1
4.28000020980835,67,60,1
4.28000020980835,55,73,0
4.28000020980835,57,89,1
4.28000020980835,66,62,1
4.28000020980835,60,78,1
4.28000020980835,59,83,1
4.28000020980835,61,76,1
4.28000020980835,57,90,1
4.28000020980835,67,61,1
4.28000020980835,60,80,1
4.283333778381348,68,58,1
4.283333778381348,58,86,1
4.283333778381348,68,57,1
4.283333778381348,68,59,1
4.283333778381348,60,79,1
4.283333778381348,55,73,0
4.283333778381348,55,74,0
4.283333778381348,59,83,1
4.283333778381348,66,63,1
4.283333778381348,54,75,0
4.283333778381348,53,77,0
4.283333778381348,66,62,1
4.283333778381348,57,90,1
4.283333778381348,67,61,1
4.283333778381348,54,76,0
4.283333778381348,59,82,1
4.283333778381348,58,87,1
4.283333778381348,60,80,1
4.283333778381348,67,60,1
4.286666870117188,60,79,1
4.286666870117188,66,63,1
4.286666870117188,68,57,1
4.286666870117188,67,60,1
4.286666870117188,59,83,1
4.286666870117188,58,87,1
4.286666870117188,53,77,0
4.286666870117188,67,61,1
4.286666870117188,55,73,0
4.286666870117188,54,75,0
4.286666870117188,68,58,1
4.286666870117188,57,90,1
4.286666870117188,60,80,1
4.2900004386901855,54,75,0
4.2900004386901855,57,90,1
4.2900004386901855,55,73,0
4.2900004386901855,59,83,1
4.2900004386901855,53,77,0
4.2900004386901855,68,58,1
4.2900004386901855,66,63,1
4.2900004386901855,60,79,1
4.2900004386901855,58,87,1
4.293333530426025,55,73,0
4.293333530426025,58,87,1
4.293333530426025,60,79,1
4.293333530426025,66,63,1
4.293333530426025,59,83,1
4.293333530426025,68,58,1
4.296667098999023,59,83,1
4.296667098999023,68,58,1
4.300000190734863,59,83,1
4.303030490875244,50,67,1
4.303030490875244,51,72,1
4.303030490875244,67,61,1
4.303030490875244,61,55,1
4.303030490875244,53,59,0
4.303030490875244,50,62,1
4.303030490875244,54,67,0
4.303030490875244,58,88,1
4.303030490875244,68,60,1
4.303030490875244,68,49,0
4.303030490875244,53,79,0
4.303030490875244,50,97,0
4.303030490875244,66,63,1
4.303030490875244,61,52,1
4.303030490875244,51,78,1
4.303030490875244,63,70,0
4.303030490875244,61,75,1
4.303030490875244,67,48,0
4.303030490875244,64,67,0
4.303030490875244,55,71,0
4.303030490875244,55,47,1
4.303030490875244,48,94,0
4.303030490875244,64,64,0
4.303030490875244,66,48,0
4.303030490875244,68,51,0
4.303030490875244,69,53,0
4.303030490875244,49,67,1
4.303030490875244,63,48,1
4.303030490875244,61,76,1
4.303030490875244,60,60,1
4.303030490875244,65,56,0
4.303030490875244,56,74,0
4.303030490875244,67,47,0
4.303030490875244,55,74,0
4.303030490875244,55,94,1
4.303030490875244,58,86,1
4.303030490875244,54,69,0
4.303030490875244,57,20,0
4.303030490875244,58,85,1
4.303030490875244,54,77,0
4.303030490875244,50,61,1
4.303030490875244,57,107,0
4.303030490875244,55,45,0
4.303030490875244,68,59,1
4.303030490875244,61,57,1
4.303030490875244,51,98,0
4.303030490875244,63,44,1
4.303030490875244,69,54,0
4.303030490875244,69,58,1
4.303030490875244,49,95,0
4.303030490875244,60,78,1
4.303030490875244,59,85,1
4.303030490875244,56,91,1
4.303030490875244,52,78,1
4.303030490875244,64,41,1
4.303030490875244,63,47,1
4.303030490875244,52,80,0
4.303030490875244,60,80,1
4.303030490875244,59,81,1
4.303030490875244,69,97,1
4.303030490875244,61,69,1
4.303030490875244,60,61,1
4.303030490875244,53,61,0
4.303030490875244,55,122,1
4.303030490875244,67,87,1
4.303030490875244,50,64,1
4.303030490875244,67,62,1
4.303030490875244,67,63,1
4.303030490875244,68,61,1
4.303030490875244,61,56,1
4.303030490875244,52,98,0
4.303030490875244,68,50,0
4.303030490875244,66,45,1
4.303030490875244,51,69,1
4.303030490875244,51,70,1
4.303030490875244,66,65,1
4.303030490875244,60,63,1
4.303030490875244,55,75,0
4.303030490875244,57,88,1
4.303030490875244,60,122,1
4.303030490875244,58,23,1
4.303030490875244,64,66,0
4.303030490875244,60,59,1
4.303030490875244,65,58,0
4.303030490875244,69,55,0
4.303030490875244,53,60,0
4.303030490875244,53,78,0
4.303030490875244,50,96,0
4.303030490875244,57,89,1
4.303030490875244,59,82,1
4.303030490875244,56,110,1
4.303030490875244,63,69,0
4.303030490875244,61,78,1
4.303030490875244,63,66,0
4.303030490875244,52,75,0
4.303030490875244,52,77,1
4.303030490875244,61,77,1
4.303030490875244,59,84,1
4.303030490875244,67,64,1
4.303030490875244,56,92,1
4.303030490875244,70,72,0
4.303030490875244,59,69,1
4.303030490875244,56,116,0
4.303030490875244,61,59,1
4.303030490875244,58,92,0
4.303030490875244,55,72,0
4.303030490875244,57,90,1
4.303030490875244,68,58,1
4.303030490875244,65,45,1
4.303030490875244,61,54,1
4.303030490875244,64,124,0
4.303030490875244,64,43,1
4.303030490875244,63,68,0
4.303030490875244,58,87,1
4.303030490875244,57,94,0
4.303030490875244,60,79,1
4.303030490875244,60,58,1
4.303030490875244,51,71,1
4.303030490875244,66,86,1
4.303030490875244,50,60,1
4.303030490875244,52,71,0
4.303030490875244,50,57,1
4.303030490875244,51,97,0
4.303030490875244,66,46,1
4.303030490875244,54,24,0
4.303030490875244,69,59,1
4.303030490875244,66,64,1
4.303030490875244,50,75,1
4.303030490875244,69,57,1
4.303030490875244,50,65,1
4.303030490875244,52,99,0
4.303030490875244,61,58,1
4.303030490875244,66,44,1
4.303030490875244,69,52,0
4.303030490875244,68,94,1
4.303030490875244,57,38,1
4.303030490875244,51,74,1
4.303030490875244,60,62,1
4.303030490875244,63,46,1
4.303030490875244,54,76,0
4.303030490875244,54,66,0
4.303030490875244,68,62,1
4.303030490875244,59,66,1
4.303030490875244,56,73,0
4.303030490875244,50,63,1
4.303030490875244,67,49,0
4.303030490875244,51,75,1
4.303030490875244,64,40,1
4.303030490875244,62,50,1
4.303030490875244,69,56,0
4.303030490875244,60,68,1
4.303030490875244,59,64,1
4.303030490875244,54,68,0
4.303030490875244,59,83,1
4.303030490875244,62,49,1
4.303030490875244,49,96,0
4.303030490875244,59,63,1
4.303030490875244,60,81,1
4.303030490875244,54,23,0
4.303030490875244,67,53,0
4.303030490875244,64,42,1
4.306060791015625,68,60,1
4.306060791015625,57,89,1
4.306060791015625,61,78,1
4.306060791015625,67,61,1
4.306060791015625,68,50,0
4.306060791015625,53,59,0
4.306060791015625,56,73,0
4.306060791015625,69,53,0
4.306060791015625,58,86,1
4.306060791015625,60,61,1
4.306060791015625,50,62,1
4.306060791015625,60,79,1
4.306060791015625,50,97,0
4.306060791015625,55,75,0
4.306060791015625,61,54,1
4.306060791015625,52,77,1
4.306060791015625,67,63,1
4.306060791015625,53,78,0
4.306060791015625,68,59,1
4.306060791015625,61,76,1
4.306060791015625,49,95,0
4.306060791015625,69,54,0
4.306060791015625,57,90,1
4.306060791015625,69,56,0
4.306060791015625,67,47,0
4.306060791015625,63,70,0
4.306060791015625,51,69,1
4.306060791015625,59,82,1
4.306060791015625,66,63,1
4.306060791015625,67,62,1
4.306060791015625,54,76,0
4.306060791015625,60,62,1
4.306060791015625,54,69,0
4.306060791015625,61,57,1
4.306060791015625,53,79,0
4.306060791015625,61,77,1
4.306060791015625,66,64,1
4.306060791015625,59,84,1
4.306060791015625,60,80,1
4.306060791015625,55,74,0
4.306060791015625,50,63,1
4.306060791015625,59,83,1
4.306060791015625,52,98,0
4.306060791015625,51,98,0
4.306060791015625,52,78,1
4.306060791015625,60,81,1
4.306060791015625,67,48,0
4.306060791015625,54,77,0
4.306060791015625,60,78,1
4.306060791015625,54,68,0
4.306060791015625,58,87,1
4.306060791015625,51,70,1
4.306060791015625,69,58,1
4.306060791015625,69,55,0
4.306060791015625,66,65,1
4.306060791015625,68,51,0
4.306060791015625,59,81,1
4.306060791015625,49,96,0
4.306060791015625,68,61,1
4.306060791015625,58,88,1
4.309091091156006,68,59,1
4.309091091156006,51,70,1
4.309091091156006,57,90,1
4.309091091156006,68,51,0
4.309091091156006,69,53,0
4.309091091156006,67,63,1
4.309091091156006,58,87,1
4.309091091156006,59,83,1
4.309091091156006,59,84,1
4.309091091156006,54,77,0
4.309091091156006,68,61,1
4.309091091156006,61,77,1
4.309091091156006,67,62,1
4.309091091156006,58,88,1
4.309091091156006,51,98,0
4.309091091156006,68,50,0
4.309091091156006,55,74,0
4.309091091156006,61,76,1
4.309091091156006,69,55,0
4.309091091156006,68,60,1
4.309091091156006,60,81,1
4.309091091156006,66,64,1
4.309091091156006,52,77,1
4.309091091156006,54,76,0
4.309091091156006,60,80,1
4.309091091156006,53,78,0
4.309091091156006,49,96,0
4.309091091156006,61,78,1
4.309091091156006,69,56,0
4.309091091156006,66,65,1
4.309091091156006,55,75,0
4.309091091156006,52,78,1
4.309091091156006,67,47,0
4.312121391296387,55,75,0
4.312121391296387,68,61,1
4.312121391296387,53,78,0
4.312121391296387,54,76,0
4.312121391296387,59,84,1
4.312121391296387,61,78,1
4.312121391296387,67,63,1
4.312121391296387,61,77,1
4.312121391296387,67,62,1
4.312121391296387,58,87,1
4.312121391296387,60,81,1
4.312121391296387,60,80,1
4.312121391296387,68,59,1
4.312121391296387,57,90,1
4.312121391296387,68,60,1
4.312121391296387,55,74,0
4.312121391296387,52,78,1
4.312121391296387,58,88,1
4.312121391296387,66,64,1
4.315151691436768,68,61,1
4.315151691436768,66,64,1
4.315151691436768,55,74,0
4.315151691436768,61,77,1
4.315151691436768,60,80,1
4.315151691436768,67,62,1
4.315151691436768,54,76,0
4.315151691436768,60,81,1
4.315151691436768,53,78,0
4.315151691436768,57,90,1
4.315151691436768,61,78,1
4.315151691436768,58,88,1
4.315151691436768,55,75,0
4.315151691436768,68,60,1
4.315151691436768,67,63,1
4.315151691436768,59,84,1
4.318181991577148,60,81,1
4.318181991577148,61,77,1
4.318181991577148,68,61,1
4.318181991577148,66,64,1
4.318181991577148,54,76,0
4.318181991577148,67,63,1
4.318181991577148,68,60,1
4.318181991577148,59,84,1
4.318181991577148,55,74,0
4.318181991577148,67,62,1
4.321212291717529,68,60,1
4.321212291717529,66,64,1
4.321212291717529,59,84,1
4.321212291717529,54,76,0
4.321212291717529,61,77,1
4.321212291717529,60,81,1
4.321212291717529,55,74,0
4.32424259185791,54,76,0
4.32424259185791,61,77,1
4.32424259185791,68,60,1
4.32424259185791,59,84,1
4.32424259185791,66,64,1
4.32424259185791,55,74,0
4.327272891998291,59,84,1
4.327272891998291,61,77,1
4.327272891998291,54,76,0
4.327272891998291,55,74,0
4.327272891998291,68,60,1
4.330303192138672,59,84,1
4.330303192138672,61,77,1
4.333333492279053,61,77,1
4.337037086486816,55,21,0
4.337037086486816,53,78,0
4.337037086486816,65,39,1
4.337037086486816,51,74,1
4.337037086486816,60,44,0
4.337037086486816,55,76,0
4.337037086486816,50,72,1
4.337037086486816,66,42,0
4.337037086486816,65,40,1
4.337037086486816,55,127,0
4.337037086486816,56,74,0
4.337037086486816,63,49,1
4.337037086486816,50,63,1
4.337037086486816,55,93,1
4.337037086486816,66,64,1
4.337037086486816,51,70,1
4.337037086486816,54,68,0
4.337037086486816,69,86,0
4.337037086486816,63,51,1
4.337037086486816,55,48,1
4.337037086486816,48,117,0
4.337037086486816,62,51,1
4.337037086486816,52,121,1
4.337037086486816,58,86,1
4.337037086486816,66,46,0
4.337037086486816,54,40,1
4.337037086486816,70,53,0
4.337037086486816,62,57,1
4.337037086486816,57,89,1
4.337037086486816,63,50,1
4.337037086486816,60,68,1
4.337037086486816,64,69,0
4.337037086486816,60,118,1
4.337037086486816,69,50,0
4.337037086486816,49,95,0
4.337037086486816,59,86,1
4.337037086486816,61,55,1
4.337037086486816,68,62,1
4.337037086486816,64,45,1
4.337037086486816,62,54,1
4.337037086486816,59,84,1
4.337037086486816,68,97,1
4.337037086486816,60,79,1
4.337037086486816,68,60,1
4.337037086486816,68,61,1
4.337037086486816,54,34,1
4.337037086486816,69,52,0
4.337037086486816,61,61,1
4.337037086486816,68,64,1
4.337037086486816,69,59,1
4.337037086486816,53,26,0
4.337037086486816,60,64,1
4.337037086486816,58,87,1
4.337037086486816,67,48,0
4.337037086486816,54,77,0
4.337037086486816,52,79,1
4.337037086486816,50,68,1
4.337037086486816,59,65,1
4.337037086486816,50,111,1
4.337037086486816,62,120,1
4.337037086486816,50,124,1
4.337037086486816,68,63,1
4.337037086486816,49,104,0
4.337037086486816,54,65,0
4.337037086486816,53,28,0
4.337037086486816,64,124,1
4.337037086486816,55,122,0
4.337037086486816,50,123,1
4.337037086486816,51,57,1
4.337037086486816,50,96,0
4.337037086486816,64,46,1
4.337037086486816,49,96,0
4.337037086486816,55,49,1
4.337037086486816,52,76,1
4.337037086486816,57,90,1
4.337037086486816,62,53,1
4.337037086486816,53,56,0
4.337037086486816,56,126,1
4.337037086486816,62,70,1
4.337037086486816,53,79,0
4.337037086486816,60,67,1
4.337037086486816,67,55,0
4.337037086486816,64,67,0
4.337037086486816,54,78,0
4.337037086486816,59,23,1
4.337037086486816,64,44,1
4.337037086486816,55,31,1
4.337037086486816,62,52,1
4.337037086486816,56,17,0
4.337037086486816,52,98,0
4.337037086486816,67,41,0
4.337037086486816,54,121,0
4.337037086486816,69,51,0
4.337037086486816,58,24,1
4.337037086486816,61,41,1
4.337037086486816,59,85,1
4.337037086486816,53,59,0
4.337037086486816,61,53,1
4.337037086486816,61,56,1
4.337037086486816,66,27,1
4.337037086486816,53,60,0
4.337037086486816,54,69,1
4.337037086486816,61,59,1
4.337037086486816,50,67,1
4.337037086486816,50,65,1
4.337037086486816,59,83,1
4.337037086486816,67,47,1
4.337037086486816,61,32,0
4.337037086486816,72,120,0
4.337037086486816,66,45,0
4.337037086486816,56,18,0
4.337037086486816,55,73,0
4.337037086486816,70,55,0
4.337037086486816,59,66,1
4.337037086486816,55,20,0
4.337037086486816,67,63,1
4.337037086486816,60,81,1
4.337037086486816,52,77,1
4.337037086486816,51,73,1
4.337037086486816,69,57,0
4.337037086486816,64,49,1
4.337037086486816,61,77,1
4.337037086486816,59,82,1
4.337037086486816,61,79,1
4.337037086486816,61,60,1
4.337037086486816,69,60,1
4.337037086486816,51,76,1
4.337037086486816,51,98,0
4.337037086486816,54,49,1
4.337037086486816,55,75,0
4.337037086486816,56,93,1
4.337037086486816,69,61,1
4.337037086486816,64,47,1
4.337037086486816,52,78,1
4.337037086486816,65,43,1
4.337037086486816,66,66,1
4.337037086486816,62,35,1
4.337037086486816,62,75,1
4.337037086486816,53,124,1
4.337037086486816,64,68,0
4.337037086486816,58,88,1
4.337037086486816,68,103,0
4.337037086486816,49,98,0
4.337037086486816,67,56,0
4.337037086486816,68,49,0
4.337037086486816,51,97,0
4.337037086486816,67,40,0
4.337037086486816,61,57,1
4.337037086486816,55,50,1
4.337037086486816,65,44,1
4.337037086486816,56,92,1
4.337037086486816,61,58,1
4.337037086486816,67,54,0
4.337037086486816,54,67,0
4.337037086486816,53,30,0
4.337037086486816,63,127,1
4.337037086486816,68,47,0
4.337037086486816,50,62,1
4.337037086486816,61,78,1
4.337037086486816,50,64,1
4.337037086486816,54,22,0
4.337037086486816,55,19,0
4.337037086486816,62,76,1
4.337037086486816,50,66,1
4.337037086486816,60,80,1
4.337037086486816,63,72,1
4.337037086486816,66,95,0
4.337037086486816,56,73,0
4.337037086486816,66,65,1
4.337037086486816,53,98,0
4.337037086486816,61,76,1
4.337037086486816,66,44,0
4.337037086486816,50,70,1
4.337037086486816,70,98,0
4.337037086486816,61,80,1
4.337037086486816,70,56,0
4.337037086486816,51,123,1
4.337037086486816,58,45,1
4.337037086486816,55,72,0
4.337037086486816,67,64,1
4.337037086486816,49,79,1
4.337037086486816,62,55,1
4.337037086486816,57,91,1
4.337037086486816,69,85,0
4.337037086486816,64,43,1
4.337037086486816,68,48,0
4.337037086486816,60,63,1
4.337037086486816,64,70,0
4.337037086486816,58,16,0
4.337037086486816,60,23,1
4.337037086486816,68,65,1
4.337037086486816,50,97,0
4.337037086486816,67,49,0
4.337037086486816,72,119,0
4.337037086486816,60,82,1
4.337037086486816,70,54,0
4.337037086486816,54,41,1
4.337037086486816,65,84,0
4.337037086486816,63,35,1
4.34074068069458,61,77,1
4.34074068069458,61,60,1
4.34074068069458,64,44,1
4.34074068069458,60,80,1
4.34074068069458,60,67,1
4.34074068069458,52,77,1
4.34074068069458,68,62,1
4.34074068069458,61,79,1
4.34074068069458,69,61,1
4.34074068069458,55,75,0
4.34074068069458,64,45,1
4.34074068069458,57,91,1
4.34074068069458,55,72,0
4.34074068069458,53,78,0
4.34074068069458,52,76,1
4.34074068069458,53,79,0
4.34074068069458,70,54,0
4.34074068069458,68,48,0
4.34074068069458,59,85,1
4.34074068069458,60,82,1
4.34074068069458,70,56,0
4.34074068069458,50,64,1
4.34074068069458,63,50,1
4.34074068069458,69,60,1
4.34074068069458,51,98,0
4.34074068069458,66,66,1
4.34074068069458,67,63,1
4.34074068069458,64,68,0
4.34074068069458,61,78,1
4.34074068069458,56,74,0
4.34074068069458,69,50,0
4.34074068069458,50,97,0
4.34074068069458,62,76,1
4.34074068069458,69,59,1
4.34074068069458,49,96,0
4.34074068069458,59,84,1
4.34074068069458,67,64,1
4.34074068069458,69,52,0
4.34074068069458,60,81,1
4.34074068069458,66,65,1
4.34074068069458,54,77,0
4.34074068069458,68,63,1
4.34074068069458,55,76,0
4.34074068069458,69,51,0
4.34074068069458,57,90,1
4.34074068069458,55,50,1
4.34074068069458,52,98,0
4.34074068069458,70,55,0
4.34074068069458,68,61,1
4.34074068069458,54,68,0
4.34074068069458,68,49,0
4.34074068069458,58,87,1
4.34074068069458,59,83,1
4.34074068069458,67,47,1
4.34074068069458,58,88,1
4.344444274902344,69,61,1
4.344444274902344,68,49,0
4.344444274902344,67,63,1
4.344444274902344,49,96,0
4.344444274902344,59,85,1
4.344444274902344,51,98,0
4.344444274902344,57,91,1
4.344444274902344,69,52,0
4.344444274902344,67,64,1
4.344444274902344,69,51,0
4.344444274902344,55,72,0
4.344444274902344,68,61,1
4.344444274902344,66,65,1
4.344444274902344,69,60,1
4.344444274902344,52,77,1
4.344444274902344,53,78,0
4.344444274902344,69,59,1
4.344444274902344,68,48,0
4.344444274902344,61,79,1
4.344444274902344,68,63,1
4.344444274902344,58,88,1
4.344444274902344,54,68,0
4.344444274902344,56,74,0
4.344444274902344,61,78,1
4.344444274902344,50,97,0
4.344444274902344,66,66,1
4.344444274902344,68,62,1
4.344444274902344,53,79,0
4.344444274902344,70,54,0
4.344444274902344,60,81,1
4.344444274902344,60,82,1
4.344444274902344,55,75,0
4.344444274902344,61,77,1
4.344444274902344,62,76,1
4.344444274902344,54,77,0
4.344444274902344,59,84,1
4.344444274902344,60,80,1
4.348148345947266,67,64,1
4.348148345947266,52,77,1
4.348148345947266,66,65,1
4.348148345947266,68,63,1
4.348148345947266,49,96,0
4.348148345947266,69,51,0
4.348148345947266,62,76,1
4.348148345947266,54,77,0
4.348148345947266,67,63,1
4.348148345947266,58,88,1
4.348148345947266,55,72,0
4.348148345947266,68,62,1
4.348148345947266,59,85,1
4.348148345947266,68,48,0
4.348148345947266,50,97,0
4.348148345947266,61,79,1
4.348148345947266,68,61,1
4.348148345947266,60,81,1
4.348148345947266,69,60,1
4.348148345947266,66,66,1
4.348148345947266,55,75,0
4.348148345947266,61,78,1
4.348148345947266,60,82,1
4.348148345947266,51,98,0
4.351851940155029,55,75,0
4.351851940155029,51,98,0
4.351851940155029,62,76,1
4.351851940155029,66,66,1
4.351851940155029,50,97,0
4.351851940155029,54,77,0
4.351851940155029,52,77,1
4.351851940155029,60,81,1
4.351851940155029,68,62,1
4.351851940155029,59,85,1
4.351851940155029,61,78,1
4.351851940155029,61,79,1
4.351851940155029,60,82,1
4.351851940155029,58,88,1
4.351851940155029,68,63,1
4.351851940155029,67,64,1
4.351851940155029,66,65,1
4.355555534362793,61,79,1
4.355555534362793,68,62,1
4.355555534362793,55,75,0
4.355555534362793,60,82,1
4.355555534362793,68,63,1
4.355555534362793,61,78,1
4.355555534362793,59,85,1
4.355555534362793,51,98,0
4.355555534362793,66,65,1
4.355555534362793,67,64,1
4.355555534362793,62,76,1
4.355555534362793,50,97,0
4.355555534362793,58,88,1
4.359259605407715,55,75,0
4.359259605407715,68,62,1
4.359259605407715,60,82,1
4.359259605407715,59,85,1
4.359259605407715,68,63,1
4.359259605407715,67,64,1
4.359259605407715,58,88,1
4.359259605407715,66,65,1
4.359259605407715,61,79,1
4.362963199615479,55,75,0
4.362963199615479,60,82,1
4.362963199615479,59,85,1
4.362963199615479,68,62,1
4.366666793823242,59,85,1
4.366666793823242,55,75,0
4.369697093963623,62,69,1
4.369697093963623,58,94,0
4.369697093963623,69,63,1
4.369697093963623,55,77,0
4.369697093963623,63,56,1
4.369697093963623,56,94,0
4.369697093963623,63,65,0
4.369697093963623,51,69,1
4.369697093963623,49,80,1
4.369697093963623,54,67,0
4.369697093963623,66,46,0
4.369697093963623,64,35,1
4.369697093963623,64,70,0
4.369697093963623,47,91,1
4.369697093963623,62,52,1
4.369697093963623,51,116,0
4.369697093963623,69,56,0
4.369697093963623,57,25,1
4.369697093963623,59,85,1
4.369697093963623,51,73,1
4.369697093963623,58,52,1
4.369697093963623,58,49,1
4.369697093963623,55,69,0
4.369697093963623,54,63,0
4.369697093963623,53,79,0
4.369697093963623,65,70,1
4.369697093963623,54,78,0
4.369697093963623,70,52,0
4.369697093963623,60,81,1
4.369697093963623,54,127,0
4.369697093963623,65,48,0
4.369697093963623,53,58,0
4.369697093963623,50,61,1
4.369697093963623,61,79,1
4.369697093963623,71,54,0
4.369697093963623,62,76,1
4.369697093963623,66,66,1
4.369697093963623,62,75,1
4.369697093963623,69,50,0
4.369697093963623,61,78,1
4.369697093963623,50,56,1
4.369697093963623,66,65,1
4.369697093963623,69,64,1
4.369697093963623,59,84,1
4.369697093963623,62,58,1
4.369697093963623,60,82,1
4.369697093963623,67,45,0
4.369697093963623,55,75,0
4.369697093963623,53,59,0
4.369697093963623,65,71,1
4.369697093963623,54,36,1
4.369697093963623,67,114,1
4.369697093963623,60,83,1
4.369697093963623,60,15,0
4.369697093963623,55,71,0
4.369697093963623,71,122,0
4.369697093963623,52,97,0
4.369697093963623,56,72,0
4.369697093963623,51,75,1
4.369697093963623,62,77,1
4.369697093963623,63,103,0
4.369697093963623,67,43,0
4.369697093963623,58,87,1
4.369697093963623,62,57,1
4.369697093963623,60,64,1
4.369697093963623,59,83,1
4.369697093963623,62,60,1
4.369697093963623,66,120,1
4.369697093963623,67,46,0
4.369697093963623,68,42,0
4.369697093963623,69,103,1
4.369697093963623,71,55,0
4.369697093963623,68,49,0
4.369697093963623,56,73,0
4.369697093963623,66,86,0
4.369697093963623,69,60,1
4.369697093963623,65,46,0
4.369697093963623,65,68,1
4.369697093963623,58,88,1
4.369697093963623,50,66,1
4.369697093963623,56,92,1
4.369697093963623,50,58,1
4.369697093963623,49,96,0
4.369697093963623,62,59,1
4.369697093963623,68,63,1
4.369697093963623,66,53,0
4.369697093963623,67,66,1
4.369697093963623,64,71,0
4.369697093963623,66,97,1
4.369697093963623,68,64,1
4.369697093963623,57,16,0
4.369697093963623,69,48,0
4.369697093963623,59,86,1
4.369697093963623,50,63,1
4.369697093963623,54,66,0
4.369697093963623,70,56,0
4.369697093963623,67,48,1
4.369697093963623,69,49,0
4.369697093963623,65,69,1
4.369697093963623,70,58,0
4.369697093963623,63,52,1
4.369697093963623,63,125,1
4.369697093963623,65,47,0
4.369697093963623,66,67,1
4.369697093963623,68,41,0
4.369697093963623,64,69,0
4.369697093963623,69,99,1
4.369697093963623,50,97,0
4.369697093963623,49,95,0
4.369697093963623,65,44,0
4.369697093963623,60,69,1
4.369697093963623,61,77,1
4.369697093963623,55,94,1
4.369697093963623,62,61,1
4.369697093963623,48,93,0
4.369697093963623,50,96,0
4.369697093963623,67,41,0
4.369697093963623,57,24,1
4.369697093963623,52,79,1
4.369697093963623,62,54,1
4.369697093963623,50,76,1
4.369697093963623,52,76,1
4.369697093963623,47,117,1
4.369697093963623,57,109,1
4.369697093963623,60,65,1
4.369697093963623,67,64,1
4.369697093963623,61,80,1
4.369697093963623,66,25,1
4.369697093963623,55,76,0
4.369697093963623,64,100,1
4.369697093963623,50,69,1
4.369697093963623,67,52,0
4.369697093963623,54,64,0
4.369697093963623,55,72,0
4.369697093963623,69,62,1
4.369697093963623,70,51,0
4.369697093963623,56,93,1
4.369697093963623,54,68,0
4.369697093963623,50,62,1
4.369697093963623,57,90,1
4.369697093963623,67,65,1
4.369697093963623,52,73,0
4.369697093963623,50,71,1
4.369697093963623,55,29,1
4.369697093963623,67,44,0
4.369697093963623,63,53,1
4.369697093963623,50,59,1
4.369697093963623,58,55,1
4.369697093963623,69,61,1
4.369697093963623,67,42,0
4.369697093963623,62,56,1
4.369697093963623,57,91,1
4.369697093963623,61,62,1
4.369697093963623,53,124,1
4.369697093963623,56,74,0
4.369697093963623,62,55,1
4.369697093963623,51,71,1
4.369697093963623,63,51,1
4.369697093963623,49,125,1
4.369697093963623,61,63,1
4.369697093963623,71,56,0
4.369697093963623,67,94,1
4.369697093963623,55,107,1
4.369697093963623,70,57,0
4.369697093963623,63,75,1
4.369697093963623,63,23,1
4.369697093963623,59,124,1
4.369697093963623,50,60,1
4.369697093963623,65,122,1
4.369697093963623,54,42,1
4.369697093963623,50,65,1
4.369697093963623,62,33,0
4.369697093963623,51,61,1
4.369697093963623,52,75,1
4.369697093963623,65,45,0
4.369697093963623,53,98,0
4.369697093963623,54,77,0
4.369697093963623,68,55,0
4.369697093963623,52,78,1
4.369697093963623,62,53,1
4.369697093963623,50,64,1
4.369697093963623,51,72,1
4.369697093963623,60,22,1
4.369697093963623,60,47,1
4.369697093963623,51,97,0
4.369697093963623,55,70,0
4.369697093963623,50,74,1
4.369697093963623,64,72,1
4.369697093963623,52,77,1
4.369697093963623,51,70,1
4.369697093963623,56,55,1
4.369697093963623,67,84,0
4.369697093963623,56,95,1
4.369697093963623,52,98,0
4.369697093963623,70,53,0
4.369697093963623,56,75,0
4.369697093963623,49,94,0
4.369697093963623,50,118,1
4.369697093963623,48,122,1
4.369697093963623,68,62,1
4.369697093963623,61,68,1
4.369697093963623,58,89,1
4.369697093963623,56,27,1
4.369697093963623,57,110,1
4.369697093963623,66,118,1
4.369697093963623,61,23,1
4.369697093963623,53,111,1
4.372727394104004,67,45,0
4.372727394104004,67,42,0
4.372727394104004,66,66,1
4.372727394104004,69,48,0
4.372727394104004,60,82,1
4.372727394104004,59,86,1
4.372727394104004,69,61,1
4.372727394104004,61,78,1
4.372727394104004,67,64,1
4.372727394104004,56,74,0
4.372727394104004,69,62,1
4.372727394104004,55,76,0
4.372727394104004,55,75,0
4.372727394104004,52,98,0
4.372727394104004,65,47,0
4.372727394104004,51,97,0
4.372727394104004,52,77,1
4.372727394104004,57,91,1
4.372727394104004,58,89,1
4.372727394104004,53,79,0
4.372727394104004,60,83,1
4.372727394104004,65,48,0
4.372727394104004,69,49,0
4.372727394104004,63,52,1
4.372727394104004,65,46,0
4.372727394104004,49,95,0
4.372727394104004,58,87,1
4.372727394104004,70,57,0
4.372727394104004,61,79,1
4.372727394104004,54,77,0
4.372727394104004,65,69,1
4.372727394104004,62,76,1
4.372727394104004,50,96,0
4.372727394104004,61,63,1
4.372727394104004,69,63,1
4.372727394104004,55,72,0
4.372727394104004,62,77,1
4.372727394104004,56,93,1
4.372727394104004,61,80,1
4.372727394104004,51,69,1
4.372727394104004,68,63,1
4.372727394104004,52,78,1
4.372727394104004,65,45,0
4.372727394104004,54,42,1
4.372727394104004,67,65,1
4.372727394104004,56,75,0
4.372727394104004,58,88,1
4.372727394104004,67,44,0
4.372727394104004,54,68,0
4.372727394104004,59,84,1
4.372727394104004,59,85,1
4.372727394104004,60,81,1
4.372727394104004,62,58,1
4.372727394104004,62,56,1
4.372727394104004,67,46,0
4.372727394104004,67,43,0
4.372727394104004,52,76,1
4.372727394104004,70,58,0
4.372727394104004,67,66,1
4.372727394104004,68,64,1
4.372727394104004,65,44,0
4.372727394104004,66,67,1
4.372727394104004,65,70,1
4.372727394104004,54,78,0
4.375757694244385,49,95,0
4.375757694244385,59,85,1
4.375757694244385,60,82,1
4.375757694244385,59,86,1
4.375757694244385,60,83,1
4.375757694244385,55,76,0
4.375757694244385,67,65,1
4.375757694244385,69,49,0
4.375757694244385,68,64,1
4.375757694244385,63,52,1
4.375757694244385,67,64,1
4.375757694244385,58,89,1
4.375757694244385,52,76,1
4.375757694244385,69,61,1
4.375757694244385,62,76,1
4.375757694244385,51,69,1
4.375757694244385,53,79,0
4.375757694244385,61,80,1
4.375757694244385,56,93,1
4.375757694244385,67,44,0
4.375757694244385,50,96,0
4.375757694244385,69,62,1
4.375757694244385,61,79,1
4.375757694244385,57,91,1
4.375757694244385,54,77,0
4.375757694244385,62,77,1
4.375757694244385,67,43,0
4.375757694244385,58,88,1
4.375757694244385,65,45,0
4.375757694244385,67,45,0
4.375757694244385,56,74,0
4.375757694244385,68,63,1
4.375757694244385,52,98,0
4.375757694244385,66,66,1
4.375757694244385,66,67,1
4.378787994384766,65,45,0
4.378787994384766,68,64,1
4.378787994384766,58,89,1
4.378787994384766,69,61,1
4.378787994384766,51,69,1
4.378787994384766,59,86,1
4.378787994384766,61,80,1
4.378787994384766,68,63,1
4.378787994384766,54,77,0
4.378787994384766,62,77,1
4.378787994384766,67,65,1
4.378787994384766,62,76,1
4.378787994384766,66,67,1
4.378787994384766,52,98,0
4.378787994384766,69,62,1
4.378787994384766,66,66,1
4.378787994384766,60,82,1
4.378787994384766,56,93,1
4.378787994384766,56,74,0
4.378787994384766,55,76,0
4.378787994384766,61,79,1
4.378787994384766,57,91,1
4.378787994384766,60,83,1
4.378787994384766,52,76,1
4.3818182945251465,56,93,1
4.3818182945251465,67,65,1
4.3818182945251465,60,83,1
4.3818182945251465,62,77,1
4.3818182945251465,57,91,1
4.3818182945251465,69,61,1
4.3818182945251465,56,74,0
4.3818182945251465,61,80,1
4.3818182945251465,66,67,1
4.3818182945251465,69,62,1
4.3818182945251465,68,64,1
4.3818182945251465,52,76,1
4.3818182945251465,62,76,1
4.3818182945251465,58,89,1
4.3818182945251465,68,63,1
4.3818182945251465,54,77,0
4.3818182945251465,59,86,1
4.384848594665527,60,83,1
4.384848594665527,56,74,0
4.384848594665527,54,77,0
4.384848594665527,59,86,1
4.384848594665527,61,80,1
4.384848594665527,66,67,1
4.384848594665527,69,62,1
4.384848594665527,67,65,1
4.384848594665527,68,64,1
4.384848594665527,69,61,1
4.384848594665527,68,63,1
4.384848594665527,62,77,1
4.387878894805908,59,86,1
4.387878894805908,54,77,0
4.387878894805908,56,74,0
4.387878894805908,62,77,1
4.387878894805908,67,65,1
4.387878894805908,60,83,1
4.387878894805908,66,67,1
4.387878894805908,61,80,1
4.387878894805908,69,62,1
4.390909194946289,66,67,1
4.390909194946289,69,62,1
4.390909194946289,59,86,1
4.390909194946289,67,65,1
4.390909194946289,60,83,1
4.390909194946289,62,77,1
4.39393949508667,62,77,1
4.39393949508667,60,83,1
4.396969795227051,60,83,1
4.400000095367432,60,83,1
4.4030303955078125,70,57,0
4.4030303955078125,66,69,1
4.4030303955078125,61,81,1
4.4030303955078125,51,54,0
4.4030303955078125,62,76,1
4.4030303955078125,70,79,0
4.4030303955078125,61,22,1
4.4030303955078125,69,95,0
4.4030303955078125,67,65,1
4.4030303955078125,67,47,0
4.4030303955078125,58,89,1
4.4030303955078125,58,19,0
4.4030303955078125,65,52,0
4.4030303955078125,48,122,1
4.4030303955078125,65,46,0
4.4030303955078125,55,71,0
4.4030303955078125,51,97,0
4.4030303955078125,56,76,0
4.4030303955078125,50,96,0
4.4030303955078125,59,86,1
4.4030303955078125,61,80,1
4.4030303955078125,64,103,0
4.4030303955078125,68,45,0
4.4030303955078125,48,102,1
4.4030303955078125,62,79,1
4.4030303955078125,63,74,1
4.4030303955078125,53,48,1
4.4030303955078125,63,75,1
4.4030303955078125,52,72,0
4.4030303955078125,53,79,0
4.4030303955078125,65,47,0
4.4030303955078125,62,59,1
4.4030303955078125,57,90,1
4.4030303955078125,52,78,1
4.4030303955078125,66,67,1
4.4030303955078125,51,96,0
4.4030303955078125,69,57,0
4.4030303955078125,57,19,0
4.4030303955078125,65,49,0
4.4030303955078125,58,88,1
4.4030303955078125,55,76,0
4.4030303955078125,71,55,0
4.4030303955078125,71,56,0
4.4030303955078125,65,72,1
4.4030303955078125,62,78,1
4.4030303955078125,67,43,1
4.4030303955078125,55,60,1
4.4030303955078125,67,66,1
4.4030303955078125,62,62,1
4.4030303955078125,71,57,0
4.4030303955078125,67,40,1
4.4030303955078125,60,80,1
4.4030303955078125,57,91,1
4.4030303955078125,50,67,1
4.4030303955078125,64,53,1
4.4030303955078125,59,34,1
4.4030303955078125,49,94,0
4.4030303955078125,67,46,0
4.4030303955078125,60,66,1
4.4030303955078125,68,44,0
4.4030303955078125,68,43,0
4.4030303955078125,67,41,1
4.4030303955078125,69,78,0
4.4030303955078125,70,58,0
4.4030303955078125,68,111,1
4.4030303955078125,57,32,0
4.4030303955078125,60,84,1
4.4030303955078125,50,61,1
4.4030303955078125,61,61,1
4.4030303955078125,60,90,0
4.4030303955078125,52,75,1
4.4030303955078125,54,51,1
4.4030303955078125,51,123,1
4.4030303955078125,59,87,1
4.4030303955078125,63,21,1
4.4030303955078125,64,92,1
4.4030303955078125,64,120,0
4.4030303955078125,65,69,1
4.4030303955078125,51,72,1
4.4030303955078125,64,76,1
4.4030303955078125,56,106,0
4.4030303955078125,63,79,1
4.4030303955078125,64,73,1
4.4030303955078125,55,77,0
4.4030303955078125,67,67,1
4.4030303955078125,51,74,1
4.4030303955078125,68,65,1
4.4030303955078125,53,58,0
4.4030303955078125,63,57,1
4.4030303955078125,61,67,1
4.4030303955078125,54,45,1
4.4030303955078125,49,111,1
4.4030303955078125,52,98,0
4.4030303955078125,61,78,1
4.4030303955078125,53,80,0
4.4030303955078125,66,48,1
4.4030303955078125,54,96,1
4.4030303955078125,67,42,1
4.4030303955078125,69,62,1
4.4030303955078125,61,79,1
4.4030303955078125,53,57,0
4.4030303955078125,51,63,1
4.4030303955078125,52,97,0
4.4030303955078125,68,53,0
4.4030303955078125,64,89,1
4.4030303955078125,63,53,1
4.4030303955078125,65,48,0
4.4030303955078125,53,27,0
4.4030303955078125,62,61,1
4.4030303955078125,56,92,1
4.4030303955078125,66,68,1
4.4030303955078125,66,47,1
4.4030303955078125,57,117,0
4.4030303955078125,60,65,1
4.4030303955078125,52,77,1
4.4030303955078125,55,48,0
4.4030303955078125,60,83,1
4.4030303955078125,65,50,0
4.4030303955078125,59,19,0
4.4030303955078125,70,49,0
4.4030303955078125,68,52,0
4.4030303955078125,66,42,1
4.4030303955078125,58,90,1
4.4030303955078125,54,79,0
4.4030303955078125,66,66,1
4.4030303955078125,55,94,1
4.4030303955078125,68,64,1
4.4030303955078125,50,55,1
4.4030303955078125,61,64,1
4.4030303955078125,71,58,0
4.4030303955078125,62,60,1
4.4030303955078125,57,74,0
4.4030303955078125,50,64,1
4.4030303955078125,66,49,1
4.4030303955078125,51,69,1
4.4030303955078125,69,63,1
4.4030303955078125,68,41,0
4.4030303955078125,66,70,1
4.4030303955078125,68,46,0
4.4030303955078125,67,45,0
4.4030303955078125,56,25,1
4.4030303955078125,49,99,0
4.4030303955078125,69,55,0
4.4030303955078125,63,58,1
4.4030303955078125,63,55,1
4.4030303955078125,48,101,1
4.4030303955078125,54,65,0
4.4030303955078125,64,74,1
4.4030303955078125,56,75,0
4.4030303955078125,70,50,0
4.4030303955078125,51,62,1
4.4030303955078125,59,85,1
4.4030303955078125,50,68,1
4.4030303955078125,62,80,1
4.4030303955078125,64,52,1
4.4030303955078125,50,95,0
4.4030303955078125,70,52,0
4.4030303955078125,68,48,1
4.4030303955078125,52,123,1
4.4030303955078125,70,59,0
4.4030303955078125,69,50,0
4.4030303955078125,52,79,1
4.4030303955078125,61,68,1
4.4030303955078125,65,70,1
4.4030303955078125,65,71,1
4.4030303955078125,70,51,0
4.4030303955078125,59,15,0
4.4030303955078125,49,95,0
4.4030303955078125,56,93,1
4.4030303955078125,50,97,0
4.4030303955078125,55,50,0
4.4030303955078125,60,82,1
4.4030303955078125,60,115,0
4.4030303955078125,62,77,1
4.4030303955078125,66,72,0
4.4030303955078125,51,68,1
4.4030303955078125,69,64,1
4.4030303955078125,52,69,0
4.4030303955078125,63,54,1
4.4030303955078125,54,67,0
4.4030303955078125,53,70,1
4.4030303955078125,66,46,1
4.4030303955078125,61,126,1
4.4030303955078125,69,48,0
4.4030303955078125,70,53,0
4.4030303955078125,62,122,1
4.4030303955078125,54,78,0
4.4030303955078125,56,74,0
4.4030303955078125,63,56,1
4.4030303955078125,68,42,0
4.4030303955078125,63,76,1
4.4030303955078125,61,86,0
4.4030303955078125,64,51,1
4.4030303955078125,70,60,0
4.4030303955078125,56,73,0
4.4030303955078125,52,76,1
4.4030303955078125,69,54,0
4.4030303955078125,69,49,0
4.406060695648193,52,75,1
4.406060695648193,67,65,1
4.406060695648193,62,79,1
4.406060695648193,71,57,0
4.406060695648193,66,69,1
4.406060695648193,66,67,1
4.406060695648193,69,63,1
4.406060695648193,55,76,0
4.406060695648193,65,47,0
4.406060695648193,65,49,0
4.406060695648193,68,41,0
4.406060695648193,59,87,1
4.406060695648193,66,68,1
4.406060695648193,68,43,0
4.406060695648193,56,93,1
4.406060695648193,65,48,0
4.406060695648193,65,71,1
4.406060695648193,60,84,1
4.406060695648193,71,58,0
4.406060695648193,66,70,1
4.406060695648193,55,77,0
4.406060695648193,60,82,1
4.406060695648193,68,48,1
4.406060695648193,64,73,1
4.406060695648193,52,76,1
4.406060695648193,68,45,0
4.406060695648193,67,67,1
4.406060695648193,56,75,0
4.406060695648193,58,88,1
4.406060695648193,62,77,1
4.406060695648193,68,42,0
4.406060695648193,54,67,0
4.406060695648193,50,96,0
4.406060695648193,63,76,1
4.406060695648193,61,80,1
4.406060695648193,61,64,1
4.406060695648193,59,85,1
4.406060695648193,52,98,0
4.406060695648193,71,56,0
4.406060695648193,69,62,1
4.406060695648193,62,62,1
4.406060695648193,68,64,1
4.406060695648193,60,83,1
4.406060695648193,67,47,0
4.406060695648193,59,86,1
4.406060695648193,67,41,1
4.406060695648193,70,52,0
4.406060695648193,61,79,1
4.406060695648193,65,72,1
4.406060695648193,69,64,1
4.406060695648193,63,54,1
4.406060695648193,63,75,1
4.406060695648193,63,53,1
4.406060695648193,67,66,1
4.406060695648193,68,44,0
4.406060695648193,62,78,1
4.406060695648193,61,81,1
4.406060695648193,49,95,0
4.406060695648193,57,91,1
4.406060695648193,51,97,0
4.406060695648193,54,78,0
4.406060695648193,65,50,0
4.406060695648193,65,70,1
4.406060695648193,51,69,1
4.406060695648193,63,55,1
4.406060695648193,54,96,1
4.406060695648193,53,79,0
4.406060695648193,58,89,1
4.406060695648193,68,65,1
4.406060695648193,53,80,0
4.406060695648193,56,74,0
4.409090995788574,60,83,1
4.409090995788574,69,62,1
4.409090995788574,65,71,1
4.409090995788574,66,67,1
4.409090995788574,63,76,1
4.409090995788574,52,75,1
4.409090995788574,60,84,1
4.409090995788574,62,79,1
4.409090995788574,59,87,1
4.409090995788574,62,78,1
4.409090995788574,54,67,0
4.409090995788574,69,63,1
4.409090995788574,49,95,0
4.409090995788574,61,80,1
4.409090995788574,71,57,0
4.409090995788574,71,56,0
4.409090995788574,68,65,1
4.409090995788574,56,93,1
4.409090995788574,62,77,1
4.409090995788574,63,75,1
4.409090995788574,68,44,0
4.409090995788574,53,79,0
4.409090995788574,54,96,1
4.409090995788574,67,67,1
4.409090995788574,66,68,1
4.409090995788574,61,79,1
4.409090995788574,65,72,1
4.409090995788574,56,75,0
4.409090995788574,65,70,1
4.409090995788574,54,78,0
4.409090995788574,55,76,0
4.409090995788574,58,89,1
4.409090995788574,67,66,1
4.409090995788574,59,86,1
4.409090995788574,69,64,1
4.409090995788574,66,69,1
4.409090995788574,68,43,0
4.409090995788574,61,81,1
4.409090995788574,68,64,1
4.409090995788574,56,74,0
4.412121295928955,60,84,1
4.412121295928955,65,71,1
4.412121295928955,59,87,1
4.412121295928955,56,74,0
4.412121295928955,69,64,1
4.412121295928955,66,69,1
4.412121295928955,67,67,1
4.412121295928955,65,72,1
4.412121295928955,54,78,0
4.412121295928955,49,95,0
4.412121295928955,56,93,1
4.412121295928955,62,78,1
4.412121295928955,60,83,1
4.412121295928955,61,81,1
4.412121295928955,68,44,0
4.412121295928955,69,63,1
4.412121295928955,67,66,1
4.412121295928955,66,68,1
4.412121295928955,53,79,0
4.412121295928955,62,77,1
4.412121295928955,55,76,0
4.412121295928955,63,75,1
4.412121295928955,63,76,1
4.412121295928955,68,65,1
4.412121295928955,56,75,0
4.412121295928955,61,80,1
4.412121295928955,58,89,1
4.415151596069336,55,76,0
4.415151596069336,66,68,1
4.415151596069336,67,66,1
4.415151596069336,56,74,0
4.415151596069336,63,76,1
4.415151596069336,65,71,1
4.415151596069336,68,65,1
4.415151596069336,65,72,1
4.415151596069336,67,67,1
4.415151596069336,60,83,1
4.415151596069336,56,75,0
4.415151596069336,59,87,1
4.415151596069336,66,69,1
4.415151596069336,69,64,1
4.415151596069336,58,89,1
4.415151596069336,61,81,1
4.415151596069336,69,63,1
4.415151596069336,62,78,1
4.415151596069336,53,79,0
4.415151596069336,60,84,1
4.418181896209717,55,76,0
4.418181896209717,66,69,1
4.418181896209717,68,65,1
4.418181896209717,66,68,1
4.418181896209717,61,81,1
4.418181896209717,60,84,1
4.418181896209717,67,67,1
4.418181896209717,67,66,1
4.418181896209717,53,79,0
4.418181896209717,59,87,1
4.418181896209717,69,63,1
4.418181896209717,69,64,1
4.418181896209717,62,78,1
4.418181896209717,65,71,1
4.418181896209717,63,76,1
4.421212196350098,69,63,1
4.421212196350098,59,87,1
4.421212196350098,53,79,0
4.421212196350098,66,69,1
4.421212196350098,68,65,1
4.421212196350098,66,68,1
4.421212196350098,61,81,1
4.421212196350098,67,66,1
4.421212196350098,60,84,1
4.421212196350098,62,78,1
4.421212196350098,55,76,0
4.424242496490479,67,66,1
4.424242496490479,55,76,0
4.424242496490479,59,87,1
4.424242496490479,60,84,1
4.424242496490479,61,81,1
4.424242496490479,69,63,1
4.424242496490479,66,68,1
4.424242496490479,62,78,1
4.424242496490479,68,65,1
4.427272796630859,60,84,1
4.427272796630859,69,63,1
4.427272796630859,62,78,1
4.427272796630859,67,66,1
4.427272796630859,59,87,1
4.427272796630859,66,68,1
4.427272796630859,61,81,1
4.43030309677124,66,68,1
4.43030309677124,62,78,1
4.43030309677124,59,87,1
4.43030309677124,60,84,1
4.433333396911621,66,68,1
4.433333396911621,62,78,1
4.436363697052002,69,64,1
4.436363697052002,67,68,1
4.436363697052002,50,96,0
4.436363697052002,58,19,1
4.436363697052002,63,70,1
4.436363697052002,64,75,1
4.436363697052002,55,95,1
4.436363697052002,69,73,1
4.436363697052002,63,60,1
4.436363697052002,50,65,1
4.436363697052002,67,82,0
4.436363697052002,60,85,1
4.436363697052002,68,41,1
4.436363697052002,61,65,1
4.436363697052002,50,66,1
4.436363697052002,50,62,1
4.436363697052002,63,77,1
4.436363697052002,59,88,1
4.436363697052002,54,64,0
4.436363697052002,67,66,1
4.436363697052002,63,76,1
4.436363697052002,69,42,0
4.436363697052002,64,114,0
4.436363697052002,63,58,1
4.436363697052002,57,74,0
4.436363697052002,64,56,1
4.436363697052002,68,82,0
4.436363697052002,63,57,1
4.436363697052002,55,97,1
4.436363697052002,63,84,0
4.436363697052002,66,45,1
4.436363697052002,67,45,1
4.436363697052002,52,98,0
4.436363697052002,54,65,0
4.436363697052002,64,74,1
4.436363697052002,50,78,1
4.436363697052002,66,68,1
4.436363697052002,52,77,1
4.436363697052002,68,54,0
4.436363697052002,64,78,0
4.436363697052002,68,65,1
4.436363697052002,70,59,0
4.436363697052002,65,50,0
4.436363697052002,66,71,1
4.436363697052002,51,71,1
4.436363697052002,54,62,0
4.436363697052002,55,78,0
4.436363697052002,59,94,0
4.436363697052002,54,99,1
4.436363697052002,50,63,1
4.436363697052002,52,75,1
4.436363697052002,66,47,1
4.436363697052002,57,91,1
4.436363697052002,61,106,1
4.436363697052002,59,87,1
4.436363697052002,67,46,1
4.436363697052002,50,98,0
4.436363697052002,53,98,0
4.436363697052002,69,46,0
4.436363697052002,49,64,1
4.436363697052002,72,57,0
4.436363697052002,69,50,0
4.436363697052002,69,68,0
4.436363697052002,54,78,0
4.436363697052002,62,61,1
4.436363697052002,64,55,1
4.436363697052002,68,68,0
4.436363697052002,63,80,1
4.436363697052002,69,43,0
4.436363697052002,54,61,0
4.436363697052002,51,70,1
4.436363697052002,62,68,1
4.436363697052002,71,54,0
4.436363697052002,69,65,1
4.436363697052002,63,56,1
4.436363697052002,47,90,1
4.436363697052002,67,67,1
4.436363697052002,69,63,1
4.436363697052002,55,71,0
4.436363697052002,66,70,1
4.436363697052002,49,93,0
4.436363697052002,66,48,1
4.436363697052002,62,69,1
4.436363697052002,55,68,0
4.436363697052002,63,55,1
4.436363697052002,56,75,0
4.436363697052002,57,90,1
4.436363697052002,70,60,0
4.436363697052002,62,124,1
4.436363697052002,69,48,1
4.436363697052002,67,44,1
4.436363697052002,70,61,0
4.436363697052002,70,51,0
4.436363697052002,51,68,1
4.436363697052002,62,119,0
4.436363697052002,61,66,1
4.436363697052002,49,94,0
4.436363697052002,71,58,0
4.436363697052002,59,95,0
4.436363697052002,58,89,1
4.436363697052002,67,47,1
4.436363697052002,52,79,1
4.436363697052002,56,76,0
4.436363697052002,68,48,0
4.436363697052002,50,57,1
4.436363697052002,50,59,1
4.436363697052002,54,66,0
4.436363697052002,62,77,1
4.436363697052002,57,34,0
4.436363697052002,71,53,0
4.436363697052002,53,29,0
4.436363697052002,54,23,0
4.436363697052002,55,77,0
4.436363697052002,54,95,1
4.436363697052002,52,78,1
4.436363697052002,53,59,0
4.436363697052002,61,69,1
4.436363697052002,56,100,1
4.436363697052002,72,58,0
4.436363697052002,64,72,1
4.436363697052002,52,74,1
4.436363697052002,61,81,1
4.436363697052002,67,43,1
4.436363697052002,59,93,0
4.436363697052002,54,96,1
4.436363697052002,55,69,0
4.436363697052002,68,43,1
4.436363697052002,60,84,1
4.436363697052002,59,86,1
4.436363697052002,69,41,0
4.436363697052002,68,46,0
4.436363697052002,62,63,1
4.436363697052002,65,51,0
4.436363697052002,68,67,1
4.436363697052002,70,50,0
4.436363697052002,64,53,1
4.436363697052002,69,56,0
4.436363697052002,57,75,0
4.436363697052002,60,83,1
4.436363697052002,68,57,0
4.436363697052002,56,93,1
4.436363697052002,50,64,1
4.436363697052002,65,72,1
4.436363697052002,69,70,0
4.436363697052002,66,49,1
4.436363697052002,61,82,1
4.436363697052002,53,79,0
4.436363697052002,58,88,1
4.436363697052002,56,73,0
4.436363697052002,62,78,1
4.436363697052002,62,64,1
4.436363697052002,63,59,1
4.436363697052002,67,42,1
4.436363697052002,66,46,1
4.436363697052002,63,75,1
4.436363697052002,61,67,1
4.436363697052002,71,60,0
4.436363697052002,68,66,1
4.436363697052002,71,59,0
4.436363697052002,55,94,1
4.436363697052002,69,84,0
4.436363697052002,55,101,1
4.436363697052002,50,56,1
4.436363697052002,66,50,1
4.436363697052002,50,95,0
4.436363697052002,64,57,1
4.436363697052002,70,62,0
4.436363697052002,64,54,1
4.436363697052002,66,111,1
4.436363697052002,68,45,0
4.436363697052002,52,80,1
4.436363697052002,58,90,1
4.436363697052002,63,61,1
4.436363697052002,64,73,1
4.436363697052002,68,42,1
4.436363697052002,70,49,0
4.436363697052002,69,66,1
4.436363697052002,51,69,1
4.436363697052002,54,79,0
4.436363697052002,68,47,0
4.436363697052002,53,58,0
4.436363697052002,72,56,0
4.436363697052002,61,80,1
4.436363697052002,66,69,1
4.436363697052002,57,102,1
4.436363697052002,71,52,0
4.436363697052002,53,80,0
4.436363697052002,51,97,0
4.436363697052002,49,95,0
4.436363697052002,69,45,0
4.436363697052002,69,44,0
4.436363697052002,52,97,0
4.436363697052002,64,52,1
4.436363697052002,62,80,1
4.436363697052002,62,79,1
4.436363697052002,50,58,1
4.436363697052002,65,71,1
4.436363697052002,70,70,0
4.436363697052002,57,92,1
4.436363697052002,72,55,0
4.436363697052002,54,67,0
4.436363697052002,52,76,1
4.439393997192383,64,54,1
4.439393997192383,68,41,1
4.439393997192383,69,64,1
4.439393997192383,64,53,1
4.439393997192383,71,54,0
4.439393997192383,60,84,1
4.439393997192383,69,44,0
4.439393997192383,69,48,1
4.439393997192383,52,74,1
4.439393997192383,61,80,1
4.439393997192383,66,70,1
4.439393997192383,63,76,1
4.439393997192383,55,77,0
4.439393997192383,62,78,1
4.439393997192383,57,74,0
4.439393997192383,53,79,0
4.439393997192383,58,90,1
4.439393997192383,66,71,1
4.439393997192383,62,79,1
4.439393997192383,56,93,1
4.439393997192383,62,80,1
4.439393997192383,63,77,1
4.439393997192383,68,45,0
4.439393997192383,66,49,1
4.439393997192383,68,66,1
4.439393997192383,70,50,0
4.439393997192383,53,80,0
4.439393997192383,56,75,0
4.439393997192383,52,98,0
4.439393997192383,61,81,1
4.439393997192383,65,72,1
4.439393997192383,64,75,1
4.439393997192383,67,45,1
4.439393997192383,66,69,1
4.439393997192383,60,83,1
4.439393997192383,61,82,1
4.439393997192383,69,43,0
4.439393997192383,57,91,1
4.439393997192383,56,76,0
4.439393997192383,67,66,1
4.439393997192383,67,46,1
4.439393997192383,50,96,0
4.439393997192383,66,68,1
4.439393997192383,72,56,0
4.439393997192383,59,87,1
4.439393997192383,65,71,1
4.439393997192383,71,53,0
4.439393997192383,54,79,0
4.439393997192383,67,43,1
4.439393997192383,66,48,1
4.439393997192383,67,67,1
4.439393997192383,64,73,1
4.439393997192383,57,92,1
4.439393997192383,64,74,1
4.439393997192383,65,51,0
4.439393997192383,62,64,1
4.439393997192383,63,58,1
4.439393997192383,68,46,0
4.439393997192383,69,65,1
4.439393997192383,67,42,1
4.439393997192383,58,89,1
4.439393997192383,54,67,0
4.439393997192383,67,44,1
4.439393997192383,71,52,0
4.439393997192383,60,85,1
4.439393997192383,67,68,1
4.439393997192383,70,49,0
4.439393997192383,54,78,0
4.439393997192383,51,97,0
4.439393997192383,63,75,1
4.439393997192383,68,47,0
4.439393997192383,49,94,0
4.439393997192383,59,88,1
4.439393997192383,68,65,1
4.439393997192383,72,55,0
4.439393997192383,68,48,0
4.439393997192383,52,75,1
4.439393997192383,69,42,0
4.439393997192383,65,50,0
4.439393997192383,51,68,1
4.439393997192383,72,57,0
4.442424297332764,56,75,0
4.442424297332764,59,88,1
4.442424297332764,63,75,1
4.442424297332764,67,67,1
4.442424297332764,60,84,1
4.442424297332764,64,73,1
4.442424297332764,68,41,1
4.442424297332764,66,69,1
4.442424297332764,51,97,0
4.442424297332764,55,77,0
4.442424297332764,60,85,1
4.442424297332764,67,68,1
4.442424297332764,71,52,0
4.442424297332764,62,79,1
4.442424297332764,50,96,0
4.442424297332764,62,78,1
4.442424297332764,64,74,1
4.442424297332764,67,44,1
4.442424297332764,66,71,1
4.442424297332764,70,50,0
4.442424297332764,71,53,0
4.442424297332764,69,65,1
4.442424297332764,69,43,0
4.442424297332764,58,89,1
4.442424297332764,59,87,1
4.442424297332764,68,65,1
4.442424297332764,54,78,0
4.442424297332764,57,92,1
4.442424297332764,68,46,0
4.442424297332764,64,75,1
4.442424297332764,62,80,1
4.442424297332764,69,64,1
4.442424297332764,63,76,1
4.442424297332764,66,70,1
4.442424297332764,65,72,1
4.442424297332764,69,42,0
4.442424297332764,61,82,1
4.442424297332764,63,77,1
4.442424297332764,61,81,1
4.442424297332764,68,66,1
4.442424297332764,58,90,1
4.442424297332764,54,67,0
4.442424297332764,52,75,1
4.4454545974731445,54,78,0
4.4454545974731445,55,77,0
4.4454545974731445,67,67,1
4.4454545974731445,65,72,1
4.4454545974731445,64,75,1
4.4454545974731445,62,79,1
4.4454545974731445,61,82,1
4.4454545974731445,59,87,1
4.4454545974731445,67,68,1
4.4454545974731445,63,76,1
4.4454545974731445,66,69,1
4.4454545974731445,62,78,1
4.4454545974731445,64,74,1
4.4454545974731445,66,71,1
4.4454545974731445,69,64,1
4.4454545974731445,69,65,1
4.4454545974731445,51,97,0
4.4454545974731445,66,70,1
4.4454545974731445,60,85,1
4.4454545974731445,61,81,1
4.4454545974731445,56,75,0
4.4454545974731445,58,90,1
4.4454545974731445,68,66,1
4.4454545974731445,60,84,1
4.4454545974731445,50,96,0
4.4454545974731445,63,77,1
4.448484897613525,56,75,0
4.448484897613525,66,70,1
4.448484897613525,64,74,1
4.448484897613525,64,75,1
4.448484897613525,55,77,0
4.448484897613525,69,64,1
4.448484897613525,61,82,1
4.448484897613525,66,71,1
4.448484897613525,62,79,1
4.448484897613525,54,78,0
4.448484897613525,60,85,1
4.448484897613525,63,77,1
4.448484897613525,67,67,1
4.448484897613525,67,68,1
4.448484897613525,68,66,1
4.448484897613525,58,90,1
4.448484897613525,65,72,1
4.448484897613525,69,65,1
4.451515197753906,67,67,1
4.451515197753906,54,78,0
4.451515197753906,60,85,1
4.451515197753906,63,77,1
4.451515197753906,56,75,0
4.451515197753906,69,65,1
4.451515197753906,64,74,1
4.451515197753906,67,68,1
4.451515197753906,66,71,1
4.451515197753906,61,82,1
4.451515197753906,62,79,1
4.451515197753906,66,70,1
4.451515197753906,68,66,1
4.454545497894287,66,70,1
4.454545497894287,63,77,1
4.454545497894287,61,82,1
4.454545497894287,67,68,1
4.454545497894287,64,74,1
4.454545497894287,60,85,1
4.454545497894287,62,79,1
4.454545497894287,54,78,0
4.454545497894287,68,66,1
4.454545497894287,66,71,1
4.454545497894287,69,65,1
4.454545497894287,56,75,0
4.457575798034668,63,77,1
4.457575798034668,66,70,1
4.457575798034668,61,82,1
4.457575798034668,69,65,1
4.457575798034668,64,74,1
4.457575798034668,60,85,1
4.457575798034668,67,68,1
4.457575798034668,68,66,1
4.457575798034668,56,75,0
4.460606098175049,68,66,1
4.460606098175049,63,77,1
4.460606098175049,60,85,1
4.460606098175049,61,82,1
4.460606098175049,69,65,1
4.460606098175049,64,74,1
4.460606098175049,66,70,1
4.46363639831543,69,65,1
4.46363639831543,63,77,1
4.46363639831543,61,82,1
4.4666666984558105,63,77,1
4.470000267028809,62,64,1
4.470000267028809,51,68,1
4.470000267028809,71,62,0
4.470000267028809,69,65,1
4.470000267028809,66,26,1
4.470000267028809,72,54,0
4.470000267028809,58,37,1
4.470000267028809,52,122,0
4.470000267028809,66,71,1
4.470000267028809,67,50,1
4.470000267028809,50,67,1
4.470000267028809,70,73,0
4.470000267028809,72,58,0
4.470000267028809,60,86,1
4.470000267028809,54,67,0
4.470000267028809,51,73,1
4.470000267028809,67,45,1
4.470000267028809,72,53,0
4.470000267028809,53,80,0
4.470000267028809,49,94,0
4.470000267028809,64,54,1
4.470000267028809,55,78,0
4.470000267028809,57,75,0
4.470000267028809,67,48,1
4.470000267028809,54,43,1
4.470000267028809,57,74,0
4.470000267028809,64,76,1
4.470000267028809,71,58,0
4.470000267028809,66,51,1
4.470000267028809,52,74,1
4.470000267028809,61,81,1
4.470000267028809,64,122,1
4.470000267028809,65,74,1
4.470000267028809,62,83,1
4.470000267028809,53,61,1
4.470000267028809,73,57,0
4.470000267028809,57,91,1
4.470000267028809,62,81,1
4.470000267028809,66,81,0
4.470000267028809,65,51,0
4.470000267028809,65,52,0
4.470000267028809,69,66,1
4.470000267028809,70,69,0
4.470000267028809,68,44,1
4.470000267028809,62,63,1
4.470000267028809,68,43,1
4.470000267028809,62,65,1
4.470000267028809,48,92,0
4.470000267028809,69,81,0
4.470000267028809,64,25,0
4.470000267028809,66,115,0
4.470000267028809,66,72,1
4.470000267028809,69,46,0
4.470000267028809,72,56,0
4.470000267028809,71,51,0
4.470000267028809,54,66,0
4.470000267028809,64,56,1
4.470000267028809,56,58,1
4.470000267028809,55,48,0
4.470000267028809,67,51,0
4.470000267028809,55,71,0
4.470000267028809,50,96,0
4.470000267028809,72,57,0
4.470000267028809,54,63,0
4.470000267028809,56,72,0
4.470000267028809,61,82,1
4.470000267028809,56,92,1
4.470000267028809,54,79,0
4.470000267028809,73,56,0
4.470000267028809,56,93,1
4.470000267028809,70,63,0
4.470000267028809,64,73,1
4.470000267028809,56,75,0
4.470000267028809,58,16,0
4.470000267028809,68,77,0
4.470000267028809,63,76,1
4.470000267028809,57,57,1
4.470000267028809,67,68,1
4.470000267028809,56,77,0
4.470000267028809,65,28,0
4.470000267028809,64,74,1
4.470000267028809,51,107,1
4.470000267028809,60,84,1
4.470000267028809,50,60,1
4.470000267028809,65,72,1
4.470000267028809,60,85,1
4.470000267028809,63,124,1
4.470000267028809,61,65,1
4.470000267028809,71,50,0
4.470000267028809,60,48,1
4.470000267028809,55,47,0
4.470000267028809,53,32,0
4.470000267028809,67,69,1
4.470000267028809,66,76,0
4.470000267028809,65,56,1
4.470000267028809,69,47,0
4.470000267028809,67,47,1
4.470000267028809,67,49,1
4.470000267028809,58,90,1
4.470000267028809,63,59,1
4.470000267028809,59,86,1
4.470000267028809,63,62,1
4.470000267028809,54,121,1
4.470000267028809,55,70,0
4.470000267028809,54,119,1
4.470000267028809,52,76,1
4.470000267028809,63,63,1
4.470000267028809,68,67,1
4.470000267028809,68,42,1
4.470000267028809,61,83,1
4.470000267028809,70,71,0
4.470000267028809,69,44,0
4.470000267028809,62,78,1
4.470000267028809,66,74,0
4.470000267028809,51,69,1
4.470000267028809,71,60,0
4.470000267028809,52,97,0
4.470000267028809,70,42,0
4.470000267028809,62,123,1
4.470000267028809,52,75,1
4.470000267028809,58,35,1
4.470000267028809,51,56,1
4.470000267028809,50,61,1
4.470000267028809,70,61,0
4.470000267028809,64,57,1
4.470000267028809,70,43,0
4.470000267028809,65,82,0
4.470000267028809,68,68,1
4.470000267028809,52,77,1
4.470000267028809,63,61,1
4.470000267028809,51,96,0
4.470000267028809,71,49,0
4.470000267028809,68,46,1
4.470000267028809,62,69,1
4.470000267028809,52,73,1
4.470000267028809,55,96,1
4.470000267028809,53,56,0
4.470000267028809,55,126,1
4.470000267028809,61,45,1
4.470000267028809,71,61,0
4.470000267028809,58,89,1
4.470000267028809,55,77,0
4.470000267028809,70,50,0
4.470000267028809,64,75,1
4.470000267028809,63,122,1
4.470000267028809,68,45,1
4.470000267028809,69,48,0
4.470000267028809,71,59,0
4.470000267028809,66,110,1
4.470000267028809,66,70,1
4.470000267028809,69,42,1
4.470000267028809,49,93,0
4.470000267028809,62,79,1
4.470000267028809,66,50,1
4.470000267028809,64,58,1
4.470000267028809,72,59,0
4.470000267028809,65,53,1
4.470000267028809,63,77,1
4.470000267028809,68,66,1
4.470000267028809,63,78,1
4.470000267028809,54,96,1
4.470000267028809,59,87,1
4.470000267028809,57,54,1
4.470000267028809,54,44,1
4.470000267028809,67,46,1
4.470000267028809,51,72,1
4.470000267028809,56,74,0
4.470000267028809,61,117,1
4.470000267028809,51,77,1
4.470000267028809,70,44,0
4.470000267028809,69,45,0
4.470000267028809,69,41,1
4.470000267028809,65,73,1
4.470000267028809,66,77,0
4.470000267028809,50,65,1
4.470000267028809,56,123,1
4.470000267028809,60,83,1
4.470000267028809,62,62,1
4.470000267028809,54,78,0
4.470000267028809,68,83,0
4.470000267028809,64,59,1
4.470000267028809,67,70,1
4.470000267028809,70,49,1
4.470000267028809,48,116,0
4.470000267028809,55,49,0
4.470000267028809,65,31,0
4.470000267028809,59,88,1
4.470000267028809,62,80,1
4.470000267028809,63,118,0
4.470000267028809,50,95,0
4.470000267028809,57,92,1
4.470000267028809,56,73,0
4.470000267028809,65,99,1
4.470000267028809,63,60,1
4.470000267028809,55,95,1
4.470000267028809,67,67,1
4.470000267028809,51,97,0
4.470000267028809,56,76,0
4.470000267028809,70,62,0
4.470000267028809,64,55,1
4.470000267028809,62,68,1
4.470000267028809,56,18,0
4.473333358764648,67,47,1
4.473333358764648,57,92,1
4.473333358764648,68,43,1
4.473333358764648,55,78,0
4.473333358764648,69,66,1
4.473333358764648,70,42,0
4.473333358764648,68,67,1
4.473333358764648,54,79,0
4.473333358764648,66,71,1
4.473333358764648,70,44,0
4.473333358764648,59,88,1
4.473333358764648,68,44,1
4.473333358764648,67,48,1
4.473333358764648,72,59,0
4.473333358764648,65,53,1
4.473333358764648,61,81,1
4.473333358764648,55,48,0
4.473333358764648,58,90,1
4.473333358764648,68,68,1
4.473333358764648,71,60,0
4.473333358764648,64,55,1
4.473333358764648,51,97,0
4.473333358764648,69,65,1
4.473333358764648,56,76,0
4.473333358764648,67,70,1
4.473333358764648,71,61,0
4.473333358764648,70,43,0
4.473333358764648,64,75,1
4.473333358764648,61,82,1
4.473333358764648,65,74,1
4.473333358764648,69,45,0
4.473333358764648,65,52,0
4.473333358764648,71,50,0
4.473333358764648,64,76,1
4.473333358764648,60,85,1
4.473333358764648,67,50,1
4.473333358764648,55,77,0
4.473333358764648,67,69,1
4.473333358764648,66,51,1
4.473333358764648,67,68,1
4.473333358764648,65,72,1
4.473333358764648,60,84,1
4.473333358764648,69,48,0
4.473333358764648,69,46,0
4.473333358764648,63,78,1
4.473333358764648,57,75,0
4.473333358764648,68,66,1
4.473333358764648,62,81,1
4.473333358764648,61,83,1
4.473333358764648,68,45,1
4.473333358764648,50,96,0
4.473333358764648,63,76,1
4.473333358764648,66,70,1
4.473333358764648,62,79,1
4.473333358764648,66,72,1
4.473333358764648,72,58,0
4.473333358764648,71,51,0
4.473333358764648,63,77,1
4.473333358764648,66,50,1
4.473333358764648,68,42,1
4.473333358764648,53,80,0
4.473333358764648,64,74,1
4.473333358764648,67,49,1
4.473333358764648,62,80,1
4.473333358764648,69,47,0
4.473333358764648,65,73,1
4.473333358764648,60,86,1
4.476666927337647,61,83,1
4.476666927337647,67,70,1
4.476666927337647,62,80,1
4.476666927337647,67,68,1
4.476666927337647,67,49,1
4.476666927337647,69,46,0
4.476666927337647,66,70,1
4.476666927337647,66,72,1
4.476666927337647,68,67,1
4.476666927337647,67,69,1
4.476666927337647,72,59,0
4.476666927337647,58,90,1
4.476666927337647,60,85,1
4.476666927337647,65,72,1
4.476666927337647,64,75,1
4.476666927337647,65,73,1
4.476666927337647,64,74,1
4.476666927337647,60,86,1
4.476666927337647,57,75,0
4.476666927337647,67,47,1
4.476666927337647,59,88,1
4.476666927337647,64,76,1
4.476666927337647,68,43,1
4.476666927337647,63,78,1
4.476666927337647,61,82,1
4.476666927337647,62,81,1
4.476666927337647,69,66,1
4.476666927337647,51,97,0
4.476666927337647,69,65,1
4.476666927337647,63,77,1
4.476666927337647,68,68,1
4.476666927337647,71,50,0
4.476666927337647,55,77,0
4.476666927337647,56,76,0
4.476666927337647,57,92,1
4.476666927337647,69,47,0
4.476666927337647,62,79,1
4.476666927337647,65,74,1
4.476666927337647,66,71,1
4.476666927337647,67,48,1
4.476666927337647,54,79,0
4.480000019073486,63,78,1
4.480000019073486,63,77,1
4.480000019073486,66,71,1
4.480000019073486,67,68,1
4.480000019073486,67,69,1
4.480000019073486,62,81,1
4.480000019073486,57,92,1
4.480000019073486,59,88,1
4.480000019073486,61,83,1
4.480000019073486,56,76,0
4.480000019073486,60,86,1
4.480000019073486,64,75,1
4.480000019073486,65,73,1
4.480000019073486,64,76,1
4.480000019073486,55,77,0
4.480000019073486,58,90,1
4.480000019073486,62,80,1
4.480000019073486,69,66,1
4.480000019073486,60,85,1
4.480000019073486,68,67,1
4.480000019073486,66,72,1
4.483333587646484,63,77,1
4.483333587646484,55,77,0
4.483333587646484,65,73,1
4.483333587646484,59,88,1
4.483333587646484,64,75,1
4.483333587646484,69,66,1
4.483333587646484,68,67,1
4.483333587646484,62,80,1
4.483333587646484,61,83,1
4.483333587646484,67,68,1
4.483333587646484,64,76,1
4.483333587646484,58,90,1
4.483333587646484,63,78,1
4.483333587646484,67,69,1
4.483333587646484,66,72,1
4.486666679382324,63,77,1
4.486666679382324,55,77,0
4.486666679382324,68,67,1
4.486666679382324,63,78,1
4.486666679382324,64,76,1
4.486666679382324,69,66,1
4.486666679382324,62,80,1
4.486666679382324,66,72,1
4.486666679382324,61,83,1
4.486666679382324,65,73,1
4.486666679382324,64,75,1
4.486666679382324,59,88,1
4.486666679382324,67,69,1
4.490000247955322,64,75,1
4.490000247955322,67,69,1
4.490000247955322,69,66,1
4.490000247955322,68,67,1
4.490000247955322,66,72,1
4.490000247955322,65,73,1
4.490000247955322,63,78,1
4.490000247955322,59,88,1
4.490000247955322,61,83,1
4.493333339691162,66,72,1
4.493333339691162,61,83,1
4.493333339691162,65,73,1
4.493333339691162,67,69,1
4.493333339691162,63,78,1
4.493333339691162,59,88,1
4.49666690826416,61,83,1
4.49666690826416,67,69,1
4.49666690826416,65,73,1
4.5,65,73,1
4.503333568572998,56,77,0
4.503333568572998,56,26,1
4.503333568572998,69,43,1
4.503333568572998,70,47,0
4.503333568572998,52,96,0
4.503333568572998,63,69,1
4.503333568572998,49,117,1
4.503333568572998,51,75,1
4.503333568572998,72,51,0
4.503333568572998,62,82,1
4.503333568572998,68,48,1
4.503333568572998,55,77,0
4.503333568572998,60,84,1
4.503333568572998,63,62,1
4.503333568572998,65,75,1
4.503333568572998,66,44,1
4.503333568572998,56,17,0
4.503333568572998,69,42,1
4.503333568572998,54,66,0
4.503333568572998,63,65,1
4.503333568572998,69,87,0
4.503333568572998,67,53,0
4.503333568572998,51,70,1
4.503333568572998,64,60,1
4.503333568572998,70,50,1
4.503333568572998,55,20,0
4.503333568572998,52,78,1
4.503333568572998,64,76,1
4.503333568572998,68,67,1
4.503333568572998,50,116,0
4.503333568572998,63,77,1
4.503333568572998,60,53,1
4.503333568572998,63,78,1
4.503333568572998,68,95,1
4.503333568572998,66,72,1
4.503333568572998,55,78,0
4.503333568572998,72,55,0
4.503333568572998,51,69,1
4.503333568572998,65,54,1
4.503333568572998,71,57,0
4.503333568572998,72,54,0
4.503333568572998,70,57,0
4.503333568572998,65,56,1
4.503333568572998,55,19,0
4.503333568572998,64,77,1
4.503333568572998,52,54,0
4.503333568572998,73,121,0
4.503333568572998,66,73,1
4.503333568572998,53,54,0
4.503333568572998,55,71,0
4.503333568572998,70,64,0
4.503333568572998,70,43,0
4.503333568572998,51,106,1
4.503333568572998,53,97,0
4.503333568572998,51,96,0
4.503333568572998,63,79,1
4.503333568572998,47,120,0
4.503333568572998,70,46,0
4.503333568572998,54,43,1
4.503333568572998,57,92,1
4.503333568572998,61,82,1
4.503333568572998,50,94,0
4.503333568572998,71,44,0
4.503333568572998,64,59,1
4.503333568572998,65,45,0
4.503333568572998,62,109,1
4.503333568572998,60,86,1
4.503333568572998,71,63,0
4.503333568572998,57,76,0
4.503333568572998,71,51,0
4.503333568572998,52,97,0
4.503333568572998,71,43,0
4.503333568572998,64,61,1
4.503333568572998,58,90,1
4.503333568572998,67,70,1
4.503333568572998,63,41,1
4.503333568572998,56,109,1
4.503333568572998,63,37,1
4.503333568572998,63,63,1
4.503333568572998,54,24,0
4.503333568572998,54,65,0
4.503333568572998,67,71,1
4.503333568572998,73,59,0
4.503333568572998,56,126,1
4.503333568572998,53,46,1
4.503333568572998,62,67,1
4.503333568572998,60,85,1
4.503333568572998,62,65,1
4.503333568572998,56,28,1
4.503333568572998,69,55,0
4.503333568572998,56,76,0
4.503333568572998,50,95,0
4.503333568572998,70,45,0
4.503333568572998,61,49,1
4.503333568572998,53,33,0
4.503333568572998,51,79,1
4.503333568572998,70,42,1
4.503333568572998,67,83,0
4.503333568572998,70,48,0
4.503333568572998,58,22,1
4.503333568572998,65,73,1
4.503333568572998,67,69,1
4.503333568572998,61,83,1
4.503333568572998,57,74,0
4.503333568572998,65,43,0
4.503333568572998,67,93,1
4.503333568572998,70,55,0
4.503333568572998,72,61,0
4.503333568572998,72,53,0
4.503333568572998,68,46,1
4.503333568572998,52,75,1
4.503333568572998,73,58,0
4.503333568572998,59,88,1
4.503333568572998,59,87,1
4.503333568572998,62,104,0
4.503333568572998,66,28,1
4.503333568572998,60,50,1
4.503333568572998,55,76,0
4.503333568572998,64,58,1
4.503333568572998,64,57,1
4.503333568572998,57,75,0
4.503333568572998,68,45,1
4.503333568572998,58,89,1
4.503333568572998,64,71,1
4.503333568572998,71,62,0
4.503333568572998,66,51,1
4.503333568572998,70,44,0
4.503333568572998,51,68,1
4.503333568572998,73,56,0
4.503333568572998,66,56,1
4.503333568572998,54,79,0
4.503333568572998,56,94,1
4.503333568572998,49,94,0
4.503333568572998,69,66,1
4.503333568572998,65,58,1
4.503333568572998,62,81,1
4.503333568572998,51,76,1
4.503333568572998,49,97,0
4.503333568572998,52,77,1
4.503333568572998,65,57,1
4.503333568572998,69,48,0
4.503333568572998,69,76,0
4.503333568572998,65,74,1
4.503333568572998,61,84,1
4.503333568572998,63,113,0
4.503333568572998,68,47,1
4.503333568572998,55,30,1
4.503333568572998,59,53,1
4.503333568572998,54,35,1
4.503333568572998,68,50,1
4.503333568572998,50,66,1
4.503333568572998,72,52,0
4.503333568572998,52,76,1
4.503333568572998,55,95,1
4.503333568572998,52,74,1
4.503333568572998,69,88,0
4.503333568572998,58,91,1
4.503333568572998,68,81,0
4.503333568572998,70,51,0
4.503333568572998,73,57,0
4.503333568572998,68,49,1
4.503333568572998,62,79,1
4.503333568572998,68,69,1
4.503333568572998,66,31,1
4.503333568572998,57,55,1
4.503333568572998,62,80,1
4.503333568572998,49,104,0
4.503333568572998,56,93,1
4.503333568572998,52,80,1
4.503333568572998,68,68,1
4.503333568572998,67,51,1
4.503333568572998,64,62,1
4.503333568572998,59,89,1
4.503333568572998,65,55,1
4.503333568572998,63,64,1
4.503333568572998,71,55,0
4.503333568572998,64,75,1
4.503333568572998,53,98,0
4.503333568572998,72,60,0
4.503333568572998,69,95,1
4.503333568572998,53,34,0
4.503333568572998,59,19,1
4.503333568572998,61,50,1
4.503333568572998,66,52,1
4.503333568572998,51,71,1
4.503333568572998,69,45,1
4.503333568572998,67,50,1
4.503333568572998,69,44,1
4.503333568572998,69,98,0
4.503333568572998,56,106,1
4.503333568572998,71,122,0
4.503333568572998,67,115,1
4.503333568572998,69,67,1
4.503333568572998,53,45,1
4.503333568572998,67,114,1
4.503333568572998,51,97,0
4.503333568572998,62,66,1
4.506666660308838,56,76,0
4.506666660308838,67,51,1
4.506666660308838,55,95,1
4.506666660308838,66,73,1
4.506666660308838,66,52,1
4.506666660308838,69,43,1
4.506666660308838,72,60,0
4.506666660308838,70,48,0
4.506666660308838,70,46,0
4.506666660308838,69,42,1
4.506666660308838,65,74,1
4.506666660308838,62,80,1
4.506666660308838,50,95,0
4.506666660308838,68,48,1
4.506666660308838,57,92,1
4.506666660308838,64,76,1
4.506666660308838,56,77,0
4.506666660308838,51,68,1
4.506666660308838,67,70,1
4.506666660308838,57,75,0
4.506666660308838,68,47,1
4.506666660308838,69,44,1
4.506666660308838,67,71,1
4.506666660308838,63,79,1
4.506666660308838,70,45,0
4.506666660308838,63,78,1
4.506666660308838,67,50,1
4.506666660308838,60,85,1
4.506666660308838,55,78,0
4.506666660308838,69,67,1
4.506666660308838,61,83,1
4.506666660308838,70,44,0
4.506666660308838,59,88,1
4.506666660308838,68,49,1
4.506666660308838,72,54,0
4.506666660308838,73,58,0
4.506666660308838,58,90,1
4.506666660308838,52,74,1
4.506666660308838,68,68,1
4.506666660308838,72,61,0
4.506666660308838,49,94,0
4.506666660308838,52,97,0
4.506666660308838,51,96,0
4.506666660308838,71,63,0
4.506666660308838,69,66,1
4.506666660308838,65,73,1
4.506666660308838,73,57,0
4.506666660308838,54,79,0
4.506666660308838,68,46,1
4.506666660308838,60,86,1
4.506666660308838,66,72,1
4.506666660308838,70,47,0
4.506666660308838,61,84,1
4.506666660308838,64,75,1
4.506666660308838,68,67,1
4.506666660308838,59,87,1
4.506666660308838,62,81,1
4.506666660308838,64,77,1
4.506666660308838,65,75,1
4.506666660308838,67,69,1
4.506666660308838,73,59,0
4.506666660308838,55,71,0
4.506666660308838,63,77,1
4.506666660308838,68,69,1
4.506666660308838,62,82,1
4.506666660308838,61,82,1
4.506666660308838,54,66,0
4.510000228881836,73,58,0
4.510000228881836,68,68,1
4.510000228881836,67,69,1
4.510000228881836,65,74,1
4.510000228881836,55,78,0
4.510000228881836,66,73,1
4.510000228881836,69,67,1
4.510000228881836,64,77,1
4.510000228881836,61,84,1
4.510000228881836,65,75,1
4.510000228881836,62,80,1
4.510000228881836,49,94,0
4.510000228881836,69,43,1
4.510000228881836,57,75,0
4.510000228881836,67,70,1
4.510000228881836,60,86,1
4.510000228881836,68,46,1
4.510000228881836,70,46,0
4.510000228881836,68,47,1
4.510000228881836,68,69,1
4.510000228881836,67,71,1
4.510000228881836,64,76,1
4.510000228881836,63,78,1
4.510000228881836,56,76,0
4.510000228881836,62,81,1
4.510000228881836,73,57,0
4.510000228881836,67,51,1
4.510000228881836,51,68,1
4.510000228881836,70,45,0
4.510000228881836,66,72,1
4.510000228881836,59,88,1
4.510000228881836,61,83,1
4.510000228881836,58,90,1
4.510000228881836,65,73,1
4.510000228881836,63,79,1
4.510000228881836,57,92,1
4.513333320617676,57,75,0
4.513333320617676,62,81,1
4.513333320617676,69,67,1
4.513333320617676,66,73,1
4.513333320617676,63,78,1
4.513333320617676,63,79,1
4.513333320617676,65,74,1
4.513333320617676,61,84,1
4.513333320617676,65,75,1
4.513333320617676,60,86,1
4.513333320617676,67,71,1
4.513333320617676,67,70,1
4.513333320617676,55,78,0
4.513333320617676,68,68,1
4.513333320617676,56,76,0
4.513333320617676,64,76,1
4.513333320617676,64,77,1
4.516666889190674,64,76,1
4.516666889190674,63,79,1
4.516666889190674,62,81,1
4.516666889190674,56,76,0
4.516666889190674,57,75,0
4.516666889190674,65,75,1
4.516666889190674,64,77,1
4.516666889190674,65,74,1
4.516666889190674,68,68,1
4.516666889190674,69,67,1
4.516666889190674,60,86,1
4.516666889190674,67,70,1
4.516666889190674,67,71,1
4.516666889190674,66,73,1
4.516666889190674,61,84,1
4.519999980926514,64,76,1
4.519999980926514,64,77,1
4.519999980926514,61,84,1
4.519999980926514,68,68,1
4.519999980926514,62,81,1
4.519999980926514,63,79,1
4.519999980926514,67,71,1
4.519999980926514,67,70,1
4.519999980926514,65,75,1
4.519999980926514,69,67,1
4.519999980926514,60,86,1
4.519999980926514,65,74,1
4.523333549499512,69,67,1
4.523333549499512,61,84,1
4.523333549499512,68,68,1
4.523333549499512,67,71,1
4.523333549499512,65,75,1
4.523333549499512,63,79,1
4.523333549499512,64,77,1
4.523333549499512,65,74,1
4.523333549499512,67,70,1
4.526666641235352,67,71,1
4.526666641235352,68,68,1
4.526666641235352,65,74,1
4.526666641235352,65,75,1
4.526666641235352,63,79,1
4.526666641235352,61,84,1
4.526666641235352,69,67,1
4.53000020980835,61,84,1
4.53000020980835,63,79,1
4.53000020980835,68,68,1
4.5333333015441895,63,79,1
4.536666870117188,56,94,1
4.536666870117188,56,76,0
4.536666870117188,63,79,1
4.536666870117188,57,92,1
4.536666870117188,52,97,0
4.536666870117188,61,84,1
4.536666870117188,70,49,0
4.536666870117188,65,21,1
4.536666870117188,73,54,0
4.536666870117188,58,24,1
4.536666870117188,55,79,0
4.536666870117188,53,111,0
4.536666870117188,65,74,1
4.536666870117188,69,46,1
4.536666870117188,57,91,1
4.536666870117188,71,58,0
4.536666870117188,65,61,1
4.536666870117188,62,82,1
4.536666870117188,60,85,1
4.536666870117188,53,25,0
4.536666870117188,66,53,1
4.536666870117188,54,79,0
4.536666870117188,55,49,1
4.536666870117188,64,62,1
4.536666870117188,63,32,1
4.536666870117188,67,73,1
4.536666870117188,69,94,1
4.536666870117188,51,120,1
4.536666870117188,74,57,0
4.536666870117188,58,99,0
4.536666870117188,73,61,0
4.536666870117188,50,64,1
4.536666870117188,51,72,1
4.536666870117188,67,74,0
4.536666870117188,71,50,1
4.536666870117188,58,75,0
4.536666870117188,72,52,0
4.536666870117188,54,34,1
4.536666870117188,56,127,0
4.536666870117188,59,118,1
4.536666870117188,56,56,1
4.536666870117188,68,49,1
4.536666870117188,65,59,1
4.536666870117188,65,76,1
4.536666870117188,65,58,1
4.536666870117188,68,68,1
4.536666870117188,49,93,0
4.536666870117188,67,51,1
4.536666870117188,54,23,0
4.536666870117188,51,96,0
4.536666870117188,57,20,1
4.536666870117188,61,118,1
4.536666870117188,55,50,1
4.536666870117188,65,75,1
4.536666870117188,55,33,1
4.536666870117188,65,44,0
4.536666870117188,50,95,0
4.536666870117188,69,68,1
4.536666870117188,68,48,1
4.536666870117188,69,97,1
4.536666870117188,50,53,0
4.536666870117188,69,44,1
4.536666870117188,66,119,1
4.536666870117188,59,88,1
4.536666870117188,64,77,1
4.536666870117188,64,63,1
4.536666870117188,73,60,0
4.536666870117188,63,65,1
4.536666870117188,69,49,1
4.536666870117188,58,90,1
4.536666870117188,57,75,0
4.536666870117188,63,80,1
4.536666870117188,70,42,1
4.536666870117188,69,96,1
4.536666870117188,66,29,1
4.536666870117188,65,83,0
4.536666870117188,64,72,1
4.536666870117188,60,23,1
4.536666870117188,50,124,1
4.536666870117188,61,83,1
4.536666870117188,61,82,1
4.536666870117188,71,121,0
4.536666870117188,64,60,1
4.536666870117188,68,69,1
4.536666870117188,64,61,1
4.536666870117188,70,48,0
4.536666870117188,57,76,0
4.536666870117188,64,76,1
4.536666870117188,59,55,1
4.536666870117188,67,72,1
4.536666870117188,63,68,1
4.536666870117188,55,28,1
4.536666870117188,62,47,1
4.536666870117188,56,77,0
4.536666870117188,62,80,1
4.536666870117188,71,122,0
4.536666870117188,62,81,1
4.536666870117188,50,102,0
4.536666870117188,64,78,1
4.536666870117188,58,91,1
4.536666870117188,51,95,0
4.536666870117188,69,47,1
4.536666870117188,52,79,1
4.536666870117188,51,60,1
4.536666870117188,68,50,1
4.536666870117188,63,78,1
4.536666870117188,55,94,1
4.536666870117188,71,61,0
4.536666870117188,66,72,1
4.536666870117188,52,73,1
4.536666870117188,69,45,1
4.536666870117188,53,58,0
4.536666870117188,61,88,0
4.536666870117188,67,52,1
4.536666870117188,49,94,0
4.536666870117188,70,43,1
4.536666870117188,67,71,1
4.536666870117188,60,86,1
4.536666870117188,67,53,1
4.536666870117188,65,73,1
4.536666870117188,73,55,0
4.536666870117188,66,54,0
4.536666870117188,54,80,0
4.536666870117188,65,22,1
4.536666870117188,52,74,1
4.536666870117188,61,46,1
4.536666870117188,70,58,0
4.536666870117188,65,72,1
4.536666870117188,59,87,1
4.536666870117188,55,46,1
4.536666870117188,72,53,0
4.536666870117188,66,27,1
4.536666870117188,53,97,0
4.536666870117188,58,23,1
4.536666870117188,49,121,0
4.536666870117188,66,74,1
4.536666870117188,70,44,1
4.536666870117188,53,79,1
4.536666870117188,71,43,0
4.536666870117188,71,52,0
4.536666870117188,63,82,1
4.536666870117188,66,73,1
4.536666870117188,48,122,1
4.536666870117188,69,95,1
4.536666870117188,69,48,1
4.536666870117188,54,109,1
4.536666870117188,55,78,0
4.536666870117188,71,44,0
4.536666870117188,70,65,0
4.536666870117188,55,45,1
4.536666870117188,65,23,1
4.536666870117188,69,105,1
4.536666870117188,69,106,1
4.536666870117188,71,47,0
4.536666870117188,64,64,1
4.536666870117188,70,56,0
4.536666870117188,62,23,1
4.536666870117188,59,89,1
4.536666870117188,71,45,0
4.536666870117188,51,74,1
4.536666870117188,67,75,0
4.536666870117188,67,70,1
4.536666870117188,66,30,1
4.536666870117188,72,51,0
4.536666870117188,70,47,0
4.536666870117188,72,62,0
4.536666870117188,69,67,1
4.536666870117188,71,65,0
4.536666870117188,56,93,1
4.536666870117188,68,77,1
4.536666870117188,66,90,1
4.536666870117188,74,58,0
4.536666870117188,71,46,0
4.536666870117188,61,85,1
4.536666870117188,65,32,0
4.536666870117188,53,51,1
4.536666870117188,49,120,0
4.536666870117188,60,87,1
4.536666870117188,57,62,1
4.536666870117188,64,119,1
4.536666870117188,54,38,1
4.536666870117188,68,51,1
4.536666870117188,72,63,0
4.536666870117188,71,64,0
4.536666870117188,66,43,1
4.536666870117188,73,59,0
4.536666870117188,68,70,1
4.539999961853027,71,46,0
4.539999961853027,72,63,0
4.539999961853027,55,78,0
4.539999961853027,57,75,0
4.539999961853027,69,46,1
4.539999961853027,68,68,1
4.539999961853027,61,83,1
4.539999961853027,68,51,1
4.539999961853027,69,67,1
4.539999961853027,70,47,0
4.539999961853027,65,75,1
4.539999961853027,71,43,0
4.539999961853027,50,95,0
4.539999961853027,60,87,1
4.539999961853027,64,77,1
4.539999961853027,61,84,1
4.539999961853027,64,63,1
4.539999961853027,63,80,1
4.539999961853027,70,44,1
4.539999961853027,69,47,1
4.539999961853027,67,52,1
4.539999961853027,69,68,1
4.539999961853027,69,45,1
4.539999961853027,68,70,1
4.539999961853027,72,51,0
4.539999961853027,70,48,0
4.539999961853027,60,86,1
4.539999961853027,64,76,1
4.539999961853027,71,45,0
4.539999961853027,65,76,1
4.539999961853027,65,74,1
4.539999961853027,72,52,0
4.539999961853027,59,89,1
4.539999961853027,66,74,1
4.539999961853027,68,69,1
4.539999961853027,68,50,1
4.539999961853027,68,49,1
4.539999961853027,63,79,1
4.539999961853027,58,91,1
4.539999961853027,66,73,1
4.539999961853027,72,62,0
4.539999961853027,69,48,1
4.539999961853027,57,92,1
4.539999961853027,67,72,1
4.539999961853027,49,93,0
4.539999961853027,62,81,1
4.539999961853027,57,76,0
4.539999961853027,71,44,0
4.539999961853027,67,71,1
4.539999961853027,70,43,1
4.539999961853027,60,85,1
4.539999961853027,59,88,1
4.539999961853027,56,77,0
4.539999961853027,53,79,1
4.539999961853027,54,79,0
4.539999961853027,71,50,1
4.539999961853027,61,85,1
4.539999961853027,49,94,0
4.539999961853027,64,78,1
4.539999961853027,62,82,1
4.539999961853027,73,54,0
4.539999961853027,71,64,0
4.539999961853027,73,60,0
4.543333530426025,56,77,0
4.543333530426025,53,79,1
4.543333530426025,62,81,1
4.543333530426025,67,71,1
4.543333530426025,64,77,1
4.543333530426025,67,52,1
4.543333530426025,69,46,1
4.543333530426025,68,69,1
4.543333530426025,57,75,0
4.543333530426025,60,87,1
4.543333530426025,69,45,1
4.543333530426025,55,78,0
4.543333530426025,64,78,1
4.543333530426025,69,68,1
4.543333530426025,60,86,1
4.543333530426025,63,79,1
4.543333530426025,54,79,0
4.543333530426025,63,80,1
4.543333530426025,65,75,1
4.543333530426025,66,73,1
4.543333530426025,59,89,1
4.543333530426025,62,82,1
4.543333530426025,69,47,1
4.543333530426025,65,76,1
4.543333530426025,70,43,1
4.543333530426025,61,84,1
4.543333530426025,71,45,0
4.543333530426025,58,91,1
4.543333530426025,72,52,0
4.543333530426025,68,70,1
4.543333530426025,67,72,1
4.546666622161865,64,78,1
4.546666622161865,65,76,1
4.546666622161865,65,75,1
4.546666622161865,56,77,0
4.546666622161865,63,79,1
4.546666622161865,54,79,0
4.546666622161865,55,78,0
4.546666622161865,60,87,1
4.546666622161865,68,69,1
4.546666622161865,69,68,1
4.546666622161865,59,89,1
4.546666622161865,57,75,0
4.546666622161865,66,73,1
4.546666622161865,62,82,1
4.546666622161865,63,80,1
4.546666622161865,58,91,1
4.546666622161865,64,77,1
4.546666622161865,67,72,1
4.546666622161865,68,70,1
4.546666622161865,61,84,1
4.550000190734863,67,72,1
4.550000190734863,61,84,1
4.550000190734863,65,76,1
4.550000190734863,64,77,1
4.550000190734863,63,79,1
4.550000190734863,64,78,1
4.550000190734863,54,79,0
4.550000190734863,63,80,1
4.550000190734863,56,77,0
4.550000190734863,59,89,1
4.550000190734863,66,73,1
4.550000190734863,68,69,1
4.550000190734863,65,75,1
4.550000190734863,69,68,1
4.550000190734863,68,70,1
4.550000190734863,60,87,1
4.550000190734863,62,82,1
4.553333282470703,54,79,0
4.553333282470703,62,82,1
4.553333282470703,60,87,1
4.553333282470703,65,76,1
4.553333282470703,63,80,1
4.553333282470703,64,78,1
4.553333282470703,68,70,1
4.553333282470703,67,72,1
4.553333282470703,69,68,1
4.553333282470703,65,75,1
4.556666851043701,65,75,1
4.556666851043701,63,80,1
4.556666851043701,69,68,1
4.556666851043701,60,87,1
4.556666851043701,67,72,1
4.559999942779541,60,87,1
4.559999942779541,67,72,1
4.559999942779541,69,68,1
4.559999942779541,63,80,1
4.563333511352539,67,72,1
4.563333511352539,69,68,1
4.566666603088379,69,68,1
4.570370197296143,61,85,1
4.570370197296143,67,54,1
4.570370197296143,69,51,1
4.570370197296143,65,77,1
4.570370197296143,66,59,1
4.570370197296143,57,74,0
4.570370197296143,74,61,0
4.570370197296143,51,96,0
4.570370197296143,61,84,1
4.570370197296143,59,89,1
4.570370197296143,65,76,1
4.570370197296143,51,68,1
4.570370197296143,68,71,1
4.570370197296143,64,65,1
4.570370197296143,48,110,0
4.570370197296143,49,107,0
4.570370197296143,74,59,0
4.570370197296143,66,57,0
4.570370197296143,55,124,1
4.570370197296143,73,61,0
4.570370197296143,57,76,0
4.570370197296143,54,22,0
4.570370197296143,49,103,0
4.570370197296143,71,48,0
4.570370197296143,72,44,0
4.570370197296143,67,72,1
4.570370197296143,73,55,0
4.570370197296143,53,97,0
4.570370197296143,70,72,1
4.570370197296143,62,82,1
4.570370197296143,57,20,1
4.570370197296143,49,92,0
4.570370197296143,56,93,1
4.570370197296143,65,60,1
4.570370197296143,58,119,0
4.570370197296143,66,118,1
4.570370197296143,60,87,1
4.570370197296143,71,66,0
4.570370197296143,52,97,0
4.570370197296143,52,75,1
4.570370197296143,48,99,0
4.570370197296143,72,46,0
4.570370197296143,61,83,1
4.570370197296143,66,54,0
4.570370197296143,57,93,1
4.570370197296143,71,56,0
4.570370197296143,68,72,1
4.570370197296143,55,45,1
4.570370197296143,56,94,1
4.570370197296143,56,76,0
4.570370197296143,52,76,1
4.570370197296143,60,119,0
4.570370197296143,56,73,0
4.570370197296143,72,45,0
4.570370197296143,50,95,0
4.570370197296143,58,75,0
4.570370197296143,66,56,0
4.570370197296143,68,112,1
4.570370197296143,69,100,0
4.570370197296143,74,58,0
4.570370197296143,56,78,0
4.570370197296143,67,53,1
4.570370197296143,71,46,0
4.570370197296143,54,66,0
4.570370197296143,71,47,0
4.570370197296143,55,48,1
4.570370197296143,62,83,1
4.570370197296143,55,95,1
4.570370197296143,64,78,1
4.570370197296143,50,94,0
4.570370197296143,70,44,1
4.570370197296143,57,92,1
4.570370197296143,71,51,1
4.570370197296143,51,69,1
4.570370197296143,68,69,1
4.570370197296143,64,117,1
4.570370197296143,64,124,1
4.570370197296143,74,60,0
4.570370197296143,63,79,1
4.570370197296143,68,51,1
4.570370197296143,51,97,1
4.570370197296143,66,55,0
4.570370197296143,55,79,0
4.570370197296143,66,60,1
4.570370197296143,73,52,0
4.570370197296143,53,59,0
4.570370197296143,69,48,1
4.570370197296143,67,52,1
4.570370197296143,59,119,0
4.570370197296143,61,52,1
4.570370197296143,69,69,1
4.570370197296143,53,31,0
4.570370197296143,50,65,1
4.570370197296143,54,80,0
4.570370197296143,62,45,1
4.570370197296143,70,60,0
4.570370197296143,58,91,1
4.570370197296143,65,71,1
4.570370197296143,64,64,1
4.570370197296143,63,69,1
4.570370197296143,63,78,1
4.570370197296143,66,74,1
4.570370197296143,65,74,1
4.570370197296143,65,61,1
4.570370197296143,63,70,1
4.570370197296143,62,22,1
4.570370197296143,63,81,1
4.570370197296143,54,37,1
4.570370197296143,52,77,1
4.570370197296143,60,86,1
4.570370197296143,73,63,0
4.570370197296143,70,45,1
4.570370197296143,53,79,1
4.570370197296143,63,44,1
4.570370197296143,63,80,1
4.570370197296143,52,73,1
4.570370197296143,66,73,1
4.570370197296143,70,46,1
4.570370197296143,54,79,0
4.570370197296143,71,50,0
4.570370197296143,64,79,1
4.570370197296143,69,72,0
4.570370197296143,50,63,1
4.570370197296143,55,78,0
4.570370197296143,55,71,0
4.570370197296143,61,117,1
4.570370197296143,73,53,0
4.570370197296143,73,56,0
4.570370197296143,65,75,1
4.570370197296143,48,111,0
4.570370197296143,50,121,0
4.570370197296143,63,66,1
4.570370197296143,55,69,0
4.570370197296143,68,110,1
4.570370197296143,70,47,1
4.570370197296143,67,34,1
4.570370197296143,52,52,1
4.570370197296143,72,63,0
4.570370197296143,67,87,0
4.570370197296143,62,81,1
4.570370197296143,71,49,0
4.570370197296143,71,65,0
4.570370197296143,64,19,1
4.570370197296143,54,33,1
4.570370197296143,72,58,0
4.570370197296143,72,65,0
4.570370197296143,71,43,1
4.570370197296143,68,52,1
4.570370197296143,66,75,1
4.570370197296143,64,18,1
4.570370197296143,54,21,0
4.570370197296143,67,33,1
4.570370197296143,72,59,0
4.570370197296143,64,77,1
4.570370197296143,67,73,1
4.570370197296143,63,67,1
4.570370197296143,48,91,0
4.570370197296143,56,77,0
4.570370197296143,49,93,0
4.570370197296143,60,117,1
4.570370197296143,55,96,0
4.570370197296143,65,62,1
4.570370197296143,67,71,1
4.570370197296143,73,62,0
4.570370197296143,48,92,0
4.570370197296143,67,74,1
4.570370197296143,71,44,1
4.570370197296143,72,64,0
4.570370197296143,55,70,0
4.570370197296143,59,88,1
4.570370197296143,58,90,1
4.570370197296143,61,112,1
4.570370197296143,64,63,1
4.570370197296143,69,68,1
4.570370197296143,57,77,0
4.570370197296143,63,40,1
4.570370197296143,69,50,1
4.570370197296143,69,49,1
4.570370197296143,68,70,1
4.570370197296143,72,60,0
4.570370197296143,69,47,1
4.570370197296143,52,74,1
4.570370197296143,61,21,1
4.574073791503906,73,56,0
4.574073791503906,68,70,1
4.574073791503906,68,52,1
4.574073791503906,73,62,0
4.574073791503906,69,49,1
4.574073791503906,65,76,1
4.574073791503906,69,48,1
4.574073791503906,70,46,1
4.574073791503906,71,46,0
4.574073791503906,74,58,0
4.574073791503906,72,44,0
4.574073791503906,62,83,1
4.574073791503906,59,89,1
4.574073791503906,73,53,0
4.574073791503906,52,97,0
4.574073791503906,58,75,0
4.574073791503906,72,46,0
4.574073791503906,69,69,1
4.574073791503906,71,48,0
4.574073791503906,56,77,0
4.574073791503906,54,80,0
4.574073791503906,63,79,1
4.574073791503906,61,85,1
4.574073791503906,70,47,1
4.574073791503906,62,82,1
4.574073791503906,71,47,0
4.574073791503906,64,77,1
4.574073791503906,70,45,1
4.574073791503906,60,87,1
4.574073791503906,66,54,0
4.574073791503906,65,77,1
4.574073791503906,64,79,1
4.574073791503906,67,53,1
4.574073791503906,54,79,0
4.574073791503906,62,81,1
4.574073791503906,52,73,1
4.574073791503906,61,84,1
4.574073791503906,64,78,1
4.574073791503906,67,73,1
4.574073791503906,74,59,0
4.574073791503906,58,91,1
4.574073791503906,65,75,1
4.574073791503906,66,75,1
4.574073791503906,63,80,1
4.574073791503906,66,55,0
4.574073791503906,56,94,1
4.574073791503906,72,45,0
4.574073791503906,56,78,0
4.574073791503906,69,51,1
4.574073791503906,69,50,1
4.574073791503906,66,56,0
4.574073791503906,73,52,0
4.574073791503906,53,79,1
4.574073791503906,67,72,1
4.574073791503906,71,49,0
4.574073791503906,57,76,0
4.574073791503906,72,63,0
4.574073791503906,74,60,0
4.574073791503906,73,55,0
4.574073791503906,55,78,0
4.574073791503906,59,88,1
4.574073791503906,71,65,0
4.574073791503906,66,74,1
4.574073791503906,63,81,1
4.574073791503906,70,44,1
4.574073791503906,69,68,1
4.574073791503906,68,71,1
4.574073791503906,72,64,0
4.574073791503906,71,43,1
4.574073791503906,55,71,0
4.577777862548828,64,79,1
4.577777862548828,66,54,0
4.577777862548828,62,83,1
4.577777862548828,55,78,0
4.577777862548828,71,49,0
4.577777862548828,65,76,1
4.577777862548828,63,81,1
4.577777862548828,64,78,1
4.577777862548828,58,75,0
4.577777862548828,58,91,1
4.577777862548828,71,48,0
4.577777862548828,65,77,1
4.577777862548828,72,45,0
4.577777862548828,60,87,1
4.577777862548828,53,79,1
4.577777862548828,66,74,1
4.577777862548828,66,55,0
4.577777862548828,61,84,1
4.577777862548828,69,68,1
4.577777862548828,72,44,0
4.577777862548828,69,69,1
4.577777862548828,68,71,1
4.577777862548828,68,52,1
4.577777862548828,70,45,1
4.577777862548828,56,77,0
4.577777862548828,61,85,1
4.577777862548828,57,76,0
4.577777862548828,59,89,1
4.577777862548828,67,73,1
4.577777862548828,68,70,1
4.577777862548828,63,80,1
4.577777862548828,69,50,1
4.577777862548828,62,82,1
4.577777862548828,67,72,1
4.577777862548828,67,53,1
4.581481456756592,69,69,1
4.581481456756592,64,79,1
4.581481456756592,61,85,1
4.581481456756592,56,77,0
4.581481456756592,65,76,1
4.581481456756592,69,50,1
4.581481456756592,63,80,1
4.581481456756592,66,74,1
4.581481456756592,63,81,1
4.581481456756592,68,70,1
4.581481456756592,64,78,1
4.581481456756592,69,68,1
4.581481456756592,55,78,0
4.581481456756592,58,75,0
4.581481456756592,70,45,1
4.581481456756592,67,73,1
4.581481456756592,58,91,1
4.581481456756592,68,71,1
4.581481456756592,62,83,1
4.585185050964356,66,74,1
4.585185050964356,58,91,1
4.585185050964356,64,78,1
4.585185050964356,61,85,1
4.585185050964356,62,83,1
4.585185050964356,68,70,1
4.585185050964356,55,78,0
4.585185050964356,68,71,1
4.585185050964356,63,81,1
4.585185050964356,63,80,1
4.585185050964356,67,73,1
4.585185050964356,65,76,1
4.585185050964356,69,69,1
4.585185050964356,56,77,0
4.588888645172119,66,74,1
4.588888645172119,56,77,0
4.588888645172119,65,76,1
4.588888645172119,68,71,1
4.588888645172119,62,83,1
4.588888645172119,63,80,1
4.588888645172119,69,69,1
4.588888645172119,63,81,1
4.588888645172119,64,78,1
4.588888645172119,61,85,1
4.588888645172119,67,73,1
4.592592239379883,66,74,1
4.592592239379883,56,77,0
4.592592239379883,64,78,1
4.592592239379883,61,85,1
4.592592239379883,62,83,1
4.592592239379883,68,71,1
4.592592239379883,67,73,1
4.592592239379883,69,69,1
4.596296310424805,62,83,1
4.596296310424805,69,69,1
4.596296310424805,66,74,1
4.596296310424805,61,85,1
4.596296310424805,64,78,1
4.596296310424805,68,71,1
4.599999904632568,66,74,1
4.599999904632568,62,83,1
4.603333473205566,53,79,1
4.603333473205566,71,66,0
4.603333473205566,73,52,0
4.603333473205566,59,22,1
4.603333473205566,72,66,0
4.603333473205566,57,16,0
4.603333473205566,57,52,1
4.603333473205566,53,55,0
4.603333473205566,73,60,0
4.603333473205566,66,58,0
4.603333473205566,53,57,0
4.603333473205566,51,68,1
4.603333473205566,56,25,1
4.603333473205566,63,81,1
4.603333473205566,57,126,1
4.603333473205566,67,54,1
4.603333473205566,53,78,1
4.603333473205566,63,82,1
4.603333473205566,57,75,0
4.603333473205566,64,79,1
4.603333473205566,68,53,1
4.603333473205566,50,61,1
4.603333473205566,56,73,0
4.603333473205566,61,33,0
4.603333473205566,56,72,0
4.603333473205566,72,44,1
4.603333473205566,63,68,1
4.603333473205566,72,61,0
4.603333473205566,58,91,1
4.603333473205566,55,95,1
4.603333473205566,52,96,0
4.603333473205566,64,65,1
4.603333473205566,70,105,1
4.603333473205566,50,95,0
4.603333473205566,58,76,0
4.603333473205566,51,67,1
4.603333473205566,61,86,1
4.603333473205566,59,73,0
4.603333473205566,66,77,1
4.603333473205566,54,80,0
4.603333473205566,59,90,1
4.603333473205566,63,67,1
4.603333473205566,69,103,0
4.603333473205566,72,47,0
4.603333473205566,73,63,0
4.603333473205566,54,126,1
4.603333473205566,70,46,1
4.603333473205566,66,76,1
4.603333473205566,55,79,0
4.603333473205566,68,54,1
4.603333473205566,71,44,1
4.603333473205566,69,70,1
4.603333473205566,68,73,1
4.603333473205566,67,58,1
4.603333473205566,73,54,0
4.603333473205566,69,69,1
4.603333473205566,65,121,1
4.603333473205566,64,124,1
4.603333473205566,56,78,0
4.603333473205566,66,59,0
4.603333473205566,73,45,0
4.603333473205566,49,106,1
4.603333473205566,58,90,1
4.603333473205566,64,69,1
4.603333473205566,66,57,0
4.603333473205566,54,65,0
4.603333473205566,64,26,0
4.603333473205566,56,77,0
4.603333473205566,53,58,0
4.603333473205566,72,64,0
4.603333473205566,60,87,1
4.603333473205566,68,82,0
4.603333473205566,58,64,1
4.603333473205566,57,24,1
4.603333473205566,65,77,1
4.603333473205566,66,55,0
4.603333473205566,71,67,0
4.603333473205566,72,46,0
4.603333473205566,55,126,1
4.603333473205566,58,58,1
4.603333473205566,60,86,1
4.603333473205566,64,125,1
4.603333473205566,60,56,1
4.603333473205566,61,85,1
4.603333473205566,64,66,1
4.603333473205566,56,34,0
4.603333473205566,69,52,1
4.603333473205566,68,52,1
4.603333473205566,56,17,0
4.603333473205566,70,51,1
4.603333473205566,61,84,1
4.603333473205566,59,16,0
4.603333473205566,56,29,1
4.603333473205566,68,105,1
4.603333473205566,54,66,0
4.603333473205566,63,66,1
4.603333473205566,63,45,1
4.603333473205566,73,46,0
4.603333473205566,69,54,0
4.603333473205566,49,122,1
4.603333473205566,65,76,1
4.603333473205566,57,77,0
4.603333473205566,52,73,1
4.603333473205566,60,88,1
4.603333473205566,70,50,1
4.603333473205566,53,30,0
4.603333473205566,62,31,0
4.603333473205566,71,50,0
4.603333473205566,53,80,1
4.603333473205566,56,19,0
4.603333473205566,65,29,0
4.603333473205566,66,60,0
4.603333473205566,70,68,1
4.603333473205566,62,84,1
4.603333473205566,72,65,0
4.603333473205566,45,81,0
4.603333473205566,57,32,0
4.603333473205566,66,80,0
4.603333473205566,74,61,0
4.603333473205566,67,55,0
4.603333473205566,63,17,0
4.603333473205566,67,73,1
4.603333473205566,46,123,0
4.603333473205566,66,75,1
4.603333473205566,70,47,1
4.603333473205566,66,111,0
4.603333473205566,69,107,1
4.603333473205566,73,64,0
4.603333473205566,59,89,1
4.603333473205566,61,63,1
4.603333473205566,55,29,1
4.603333473205566,65,75,1
4.603333473205566,69,73,0
4.603333473205566,57,111,1
4.603333473205566,71,45,1
4.603333473205566,72,51,1
4.603333473205566,70,72,0
4.603333473205566,68,96,1
4.603333473205566,68,83,0
4.603333473205566,72,62,0
4.603333473205566,72,120,0
4.603333473205566,60,15,0
4.603333473205566,52,75,1
4.603333473205566,55,32,1
4.603333473205566,56,125,1
4.603333473205566,51,96,0
4.603333473205566,74,55,0
4.603333473205566,63,127,1
4.603333473205566,73,53,0
4.603333473205566,75,59,0
4.603333473205566,57,92,1
4.603333473205566,50,52,0
4.603333473205566,70,48,1
4.603333473205566,51,95,0
4.603333473205566,52,74,1
4.603333473205566,71,46,1
4.603333473205566,64,77,1
4.603333473205566,54,64,0
4.603333473205566,66,74,1
4.603333473205566,63,80,1
4.603333473205566,61,56,1
4.603333473205566,52,76,1
4.603333473205566,69,126,0
4.603333473205566,67,74,1
4.603333473205566,62,36,1
4.603333473205566,65,63,1
4.603333473205566,55,71,0
4.603333473205566,52,72,1
4.603333473205566,62,82,1
4.603333473205566,57,74,0
4.603333473205566,70,93,1
4.603333473205566,72,49,0
4.603333473205566,69,51,1
4.603333473205566,67,114,1
4.603333473205566,52,97,0
4.603333473205566,62,83,1
4.603333473205566,64,78,1
4.603333473205566,68,72,1
4.603333473205566,71,63,0
4.603333473205566,71,51,0
4.603333473205566,70,49,1
4.603333473205566,72,48,0
4.603333473205566,68,71,1
4.603333473205566,69,94,1
4.603333473205566,66,56,0
4.603333473205566,70,69,1
4.603333473205566,64,70,1
4.603333473205566,67,84,0
4.603333473205566,74,57,0
4.603333473205566,53,97,0
4.603333473205566,74,62,0
4.603333473205566,62,119,1
4.603333473205566,72,57,0
4.603333473205566,57,73,0
4.603333473205566,65,78,1
4.603333473205566,47,122,1
4.603333473205566,57,76,0
4.603333473205566,50,67,1
4.603333473205566,58,75,0
4.603333473205566,74,56,0
4.606666564941406,66,59,0
4.606666564941406,66,57,0
4.606666564941406,60,88,1
4.606666564941406,65,76,1
4.606666564941406,70,47,1
4.606666564941406,66,74,1
4.606666564941406,68,53,1
4.606666564941406,52,97,0
4.606666564941406,64,79,1
4.606666564941406,71,46,1
4.606666564941406,66,56,0
4.606666564941406,70,51,1
4.606666564941406,72,46,0
4.606666564941406,58,91,1
4.606666564941406,53,57,0
4.606666564941406,58,75,0
4.606666564941406,74,61,0
4.606666564941406,66,75,1
4.606666564941406,67,74,1
4.606666564941406,68,72,1
4.606666564941406,56,78,0
4.606666564941406,74,56,0
4.606666564941406,59,90,1
4.606666564941406,68,73,1
4.606666564941406,69,52,1
4.606666564941406,71,45,1
4.606666564941406,53,58,0
4.606666564941406,69,70,1
4.606666564941406,66,58,0
4.606666564941406,61,85,1
4.606666564941406,65,78,1
4.606666564941406,69,51,1
4.606666564941406,56,77,0
4.606666564941406,69,69,1
4.606666564941406,72,65,0
4.606666564941406,55,79,0
4.606666564941406,60,87,1
4.606666564941406,67,73,1
4.606666564941406,65,77,1
4.606666564941406,71,44,1
4.606666564941406,70,48,1
4.606666564941406,51,96,0
4.606666564941406,72,48,0
4.606666564941406,52,73,1
4.606666564941406,66,55,0
4.606666564941406,73,63,0
4.606666564941406,58,76,0
4.606666564941406,68,71,1
4.606666564941406,61,86,1
4.606666564941406,63,81,1
4.606666564941406,73,64,0
4.606666564941406,72,47,0
4.606666564941406,57,77,0
4.606666564941406,50,95,0
4.606666564941406,71,67,0
4.606666564941406,53,79,1
4.606666564941406,63,80,1
4.606666564941406,57,76,0
4.606666564941406,62,83,1
4.606666564941406,64,78,1
4.606666564941406,66,76,1
4.606666564941406,70,49,1
4.606666564941406,62,82,1
4.606666564941406,72,51,1
4.610000133514404,57,76,0
4.610000133514404,68,73,1
4.610000133514404,71,45,1
4.610000133514404,66,74,1
4.610000133514404,52,97,0
4.610000133514404,66,57,0
4.610000133514404,50,95,0
4.610000133514404,62,83,1
4.610000133514404,68,72,1
4.610000133514404,72,47,0
4.610000133514404,60,88,1
4.610000133514404,65,77,1
4.610000133514404,61,86,1
4.610000133514404,67,74,1
4.610000133514404,66,56,0
4.610000133514404,65,78,1
4.610000133514404,68,53,1
4.610000133514404,66,75,1
4.610000133514404,69,52,1
4.610000133514404,69,70,1
4.610000133514404,68,71,1
4.610000133514404,64,78,1
4.610000133514404,66,55,0
4.610000133514404,58,75,0
4.610000133514404,64,79,1
4.610000133514404,63,81,1
4.610000133514404,51,96,0
4.610000133514404,55,79,0
4.610000133514404,70,48,1
4.610000133514404,65,76,1
4.610000133514404,66,76,1
4.613333225250244,66,57,0
4.613333225250244,64,79,1
4.613333225250244,67,74,1
4.613333225250244,61,86,1
4.613333225250244,65,77,1
4.613333225250244,62,83,1
4.613333225250244,68,72,1
4.613333225250244,69,70,1
4.613333225250244,66,56,0
4.613333225250244,66,76,1
4.613333225250244,63,81,1
4.613333225250244,66,75,1
4.613333225250244,66,55,0
4.613333225250244,60,88,1
4.613333225250244,57,76,0
4.613333225250244,68,73,1
4.616666793823242,68,72,1
4.616666793823242,67,74,1
4.616666793823242,69,70,1
4.616666793823242,61,86,1
4.616666793823242,63,81,1
4.616666793823242,66,56,0
4.616666793823242,66,75,1
4.616666793823242,65,77,1
4.616666793823242,64,79,1
4.616666793823242,66,76,1
4.619999885559082,66,75,1
4.619999885559082,69,70,1
4.619999885559082,67,74,1
4.619999885559082,64,79,1
4.619999885559082,68,72,1
4.619999885559082,65,77,1
4.62333345413208,66,75,1
4.62333345413208,69,70,1
4.62333345413208,65,77,1
4.62333345413208,68,72,1
4.62666654586792,69,70,1
4.62666654586792,68,72,1
4.62666654586792,66,75,1
4.630000114440918,69,70,1
4.633333206176758,69,70,1
4.636666774749756,61,59,1
4.636666774749756,73,64,0
4.636666774749756,58,32,0
4.636666774749756,66,76,1
4.636666774749756,53,76,0
4.636666774749756,71,46,1
4.636666774749756,68,73,1
4.636666774749756,57,92,1
4.636666774749756,67,114,1
4.636666774749756,58,124,0
4.636666774749756,54,52,1
4.636666774749756,72,49,0
4.636666774749756,73,56,0
4.636666774749756,62,82,1
4.636666774749756,66,77,1
4.636666774749756,58,53,1
4.636666774749756,59,23,1
4.636666774749756,65,114,0
4.636666774749756,71,59,0
4.636666774749756,53,97,0
4.636666774749756,51,67,1
4.636666774749756,50,59,1
4.636666774749756,59,123,1
4.636666774749756,54,23,0
4.636666774749756,59,52,1
4.636666774749756,57,17,0
4.636666774749756,55,79,0
4.636666774749756,53,80,1
4.636666774749756,53,81,0
4.636666774749756,74,63,0
4.636666774749756,52,72,1
4.636666774749756,71,47,1
4.636666774749756,73,46,0
4.636666774749756,59,74,0
4.636666774749756,55,50,1
4.636666774749756,45,127,0
4.636666774749756,53,78,1
4.636666774749756,58,75,0
4.636666774749756,51,96,0
4.636666774749756,64,66,1
4.636666774749756,61,84,1
4.636666774749756,52,123,1
4.636666774749756,59,15,0
4.636666774749756,68,53,1
4.636666774749756,49,94,0
4.636666774749756,73,45,0
4.636666774749756,66,75,1
4.636666774749756,73,65,0
4.636666774749756,66,54,0
4.636666774749756,60,88,1
4.636666774749756,58,23,1
4.636666774749756,54,72,1
4.636666774749756,67,116,1
4.636666774749756,59,59,1
4.636666774749756,59,88,1
4.636666774749756,66,59,0
4.636666774749756,61,86,1
4.636666774749756,74,56,0
4.636666774749756,50,94,0
4.636666774749756,50,66,1
4.636666774749756,69,52,1
4.636666774749756,70,50,1
4.636666774749756,73,53,0
4.636666774749756,59,90,1
4.636666774749756,70,52,1
4.636666774749756,51,59,1
4.636666774749756,70,94,1
4.636666774749756,74,55,0
4.636666774749756,59,47,1
4.636666774749756,65,78,1
4.636666774749756,68,74,1
4.636666774749756,66,61,0
4.636666774749756,66,84,0
4.636666774749756,54,66,0
4.636666774749756,64,79,1
4.636666774749756,71,68,0
4.636666774749756,52,73,1
4.636666774749756,67,117,1
4.636666774749756,72,44,1
4.636666774749756,73,62,0
4.636666774749756,73,52,1
4.636666774749756,60,77,1
4.636666774749756,65,77,1
4.636666774749756,62,84,1
4.636666774749756,69,107,1
4.636666774749756,69,70,1
4.636666774749756,71,64,0
4.636666774749756,71,49,1
4.636666774749756,69,71,1
4.636666774749756,50,51,0
4.636666774749756,48,125,1
4.636666774749756,69,94,1
4.636666774749756,68,113,1
4.636666774749756,60,52,1
4.636666774749756,72,51,0
4.636666774749756,52,125,1
4.636666774749756,65,96,1
4.636666774749756,72,45,1
4.636666774749756,71,50,1
4.636666774749756,58,91,1
4.636666774749756,52,78,1
4.636666774749756,54,63,0
4.636666774749756,67,75,1
4.636666774749756,72,46,1
4.636666774749756,72,121,0
4.636666774749756,50,81,1
4.636666774749756,53,32,0
4.636666774749756,73,61,0
4.636666774749756,52,97,0
4.636666774749756,61,85,1
4.636666774749756,59,89,1
4.636666774749756,55,45,0
4.636666774749756,67,57,0
4.636666774749756,66,73,1
4.636666774749756,65,65,1
4.636666774749756,53,28,0
4.636666774749756,55,19,0
4.636666774749756,68,54,1
4.636666774749756,70,49,1
4.636666774749756,72,48,0
4.636666774749756,65,123,1
4.636666774749756,65,122,1
4.636666774749756,46,124,0
4.636666774749756,74,57,0
4.636666774749756,54,80,0
4.636666774749756,61,23,1
4.636666774749756,59,35,1
4.636666774749756,65,82,1
4.636666774749756,71,122,0
4.636666774749756,60,87,1
4.636666774749756,49,93,0
4.636666774749756,67,55,0
4.636666774749756,63,81,1
4.636666774749756,65,44,0
4.636666774749756,65,121,1
4.636666774749756,71,62,0
4.636666774749756,58,76,0
4.636666774749756,63,82,1
4.636666774749756,57,77,0
4.636666774749756,70,125,0
4.636666774749756,67,74,1
4.636666774749756,66,57,0
4.636666774749756,53,79,1
4.636666774749756,74,54,0
4.636666774749756,68,72,1
4.636666774749756,63,126,1
4.636666774749756,64,106,1
4.636666774749756,56,73,0
4.636666774749756,72,67,0
4.636666774749756,75,61,0
4.636666774749756,69,53,1
4.636666774749756,55,51,1
4.636666774749756,69,77,0
4.636666774749756,72,66,0
4.636666774749756,53,68,1
4.636666774749756,64,116,0
4.636666774749756,66,60,0
4.636666774749756,64,70,1
4.636666774749756,64,80,1
4.636666774749756,67,56,0
4.636666774749756,70,70,1
4.636666774749756,71,67,0
4.636666774749756,61,47,1
4.636666774749756,60,42,1
4.636666774749756,56,78,0
4.636666774749756,70,51,1
4.636666774749756,74,62,0
4.636666774749756,73,48,0
4.636666774749756,62,83,1
4.636666774749756,63,80,1
4.636666774749756,51,61,1
4.636666774749756,50,60,1
4.636666774749756,55,49,1
4.636666774749756,63,43,1
4.636666774749756,72,50,0
4.636666774749756,69,54,1
4.636666774749756,48,107,0
4.636666774749756,50,95,0
4.636666774749756,57,76,0
4.636666774749756,74,53,0
4.636666774749756,75,60,0
4.636666774749756,72,119,0
4.636666774749756,47,120,0
4.636666774749756,57,35,1
4.636666774749756,55,68,0
4.636666774749756,71,57,0
4.636666774749756,75,59,0
4.636666774749756,57,93,1
4.636666774749756,51,70,1
4.636666774749756,71,48,1
4.636666774749756,66,62,0
4.636666774749756,64,78,1
4.636666774749756,73,47,0
4.636666774749756,68,90,1
4.636666774749756,75,62,0
4.636666774749756,55,70,0
4.636666774749756,70,69,1
4.636666774749756,52,117,0
4.636666774749756,59,75,0
4.636666774749756,64,124,1
4.636666774749756,58,99,1
4.636666774749756,74,52,0
4.636666774749756,68,57,1
4.636666774749756,66,58,0
4.639999866485596,74,53,0
4.639999866485596,64,80,1
4.639999866485596,58,75,0
4.639999866485596,57,77,0
4.639999866485596,72,51,0
4.639999866485596,59,90,1
4.639999866485596,54,80,0
4.639999866485596,70,51,1
4.639999866485596,66,61,0
4.639999866485596,56,73,0
4.639999866485596,57,93,1
4.639999866485596,62,84,1
4.639999866485596,67,75,1
4.639999866485596,71,68,0
4.639999866485596,68,73,1
4.639999866485596,66,76,1
4.639999866485596,66,75,1
4.639999866485596,63,82,1
4.639999866485596,72,50,0
4.639999866485596,69,53,1
4.639999866485596,73,46,0
4.639999866485596,75,61,0
4.639999866485596,61,86,1
4.639999866485596,56,78,0
4.639999866485596,73,65,0
4.639999866485596,51,96,0
4.639999866485596,66,59,0
4.639999866485596,73,47,0
4.639999866485596,68,54,1
4.639999866485596,67,56,0
4.639999866485596,59,75,0
4.639999866485596,50,94,0
4.639999866485596,67,55,0
4.639999866485596,72,49,0
4.639999866485596,65,78,1
4.639999866485596,70,52,1
4.639999866485596,70,50,1
4.639999866485596,69,71,1
4.639999866485596,66,58,0
4.639999866485596,74,57,0
4.639999866485596,58,76,0
4.639999866485596,53,78,1
4.639999866485596,71,48,1
4.639999866485596,72,45,1
4.639999866485596,67,74,1
4.639999866485596,63,81,1
4.639999866485596,61,85,1
4.639999866485596,68,72,1
4.639999866485596,51,67,1
4.639999866485596,69,70,1
4.639999866485596,66,60,0
4.639999866485596,74,54,0
4.639999866485596,64,124,1
4.639999866485596,75,60,0
4.639999866485596,59,89,1
4.639999866485596,71,47,1
4.639999866485596,66,77,1
4.639999866485596,62,83,1
4.639999866485596,72,66,0
4.639999866485596,74,63,0
4.639999866485596,55,79,0
4.639999866485596,64,79,1
4.639999866485596,68,74,1
4.639999866485596,73,64,0
4.639999866485596,66,57,0
4.639999866485596,73,48,0
4.639999866485596,65,77,1
4.639999866485596,60,88,1
4.643333435058594,70,51,1
4.643333435058594,58,75,0
4.643333435058594,65,78,1
4.643333435058594,60,88,1
4.643333435058594,68,74,1
4.643333435058594,67,75,1
4.643333435058594,69,71,1
4.643333435058594,64,80,1
4.643333435058594,66,58,0
4.643333435058594,57,77,0
4.643333435058594,62,83,1
4.643333435058594,59,90,1
4.643333435058594,58,76,0
4.643333435058594,69,53,1
4.643333435058594,64,79,1
4.643333435058594,63,82,1
4.643333435058594,63,81,1
4.643333435058594,70,52,1
4.643333435058594,68,72,1
4.643333435058594,75,60,0
4.643333435058594,72,50,0
4.643333435058594,68,54,1
4.643333435058594,66,76,1
4.643333435058594,67,74,1
4.643333435058594,71,47,1
4.643333435058594,66,59,0
4.643333435058594,71,48,1
4.643333435058594,56,78,0
4.643333435058594,73,47,0
4.643333435058594,67,56,0
4.643333435058594,67,55,0
4.643333435058594,62,84,1
4.643333435058594,66,75,1
4.643333435058594,66,60,0
4.643333435058594,68,73,1
4.643333435058594,61,86,1
4.646666526794434,68,73,1
4.646666526794434,60,88,1
4.646666526794434,59,90,1
4.646666526794434,64,80,1
4.646666526794434,66,76,1
4.646666526794434,61,86,1
4.646666526794434,62,84,1
4.646666526794434,63,82,1
4.646666526794434,66,60,0
4.646666526794434,65,78,1
4.646666526794434,69,71,1
4.646666526794434,66,59,0
4.646666526794434,67,55,0
4.650000095367432,68,73,1
4.650000095367432,69,71,1
4.650000095367432,66,59,0
4.650000095367432,66,76,1
4.650000095367432,67,55,0
4.650000095367432,61,86,1
4.650000095367432,65,78,1
4.650000095367432,63,82,1
4.650000095367432,64,80,1
4.650000095367432,60,88,1
4.650000095367432,59,90,1
4.650000095367432,62,84,1
4.653333187103272,61,86,1
4.653333187103272,65,78,1
4.653333187103272,64,80,1
4.653333187103272,60,88,1
4.653333187103272,59,90,1
4.653333187103272,63,82,1
4.653333187103272,66,76,1
4.653333187103272,68,73,1
4.653333187103272,69,71,1
4.653333187103272,62,84,1
4.6566667556762695,61,86,1
4.6566667556762695,65,78,1
4.6566667556762695,64,80,1
4.6566667556762695,62,84,1
4.6566667556762695,66,76,1
4.6566667556762695,69,71,1
4.659999847412109,62,84,1
4.659999847412109,61,86,1
4.663333415985107,62,84,1
4.666666507720947,62,84,1
4.670000076293945,49,122,1
4.670000076293945,57,37,1
4.670000076293945,67,75,1
4.670000076293945,64,80,1
4.670000076293945,68,75,1
4.670000076293945,69,54,1
4.670000076293945,50,123,1
4.670000076293945,66,93,0
4.670000076293945,71,52,1
4.670000076293945,54,96,1
4.670000076293945,64,124,0
4.670000076293945,52,48,0
4.670000076293945,68,102,0
4.670000076293945,73,50,0
4.670000076293945,52,55,1
4.670000076293945,70,87,0
4.670000076293945,52,72,1
4.670000076293945,58,77,0
4.670000076293945,66,103,1
4.670000076293945,57,124,0
4.670000076293945,72,67,0
4.670000076293945,52,74,1
4.670000076293945,52,73,1
4.670000076293945,73,67,0
4.670000076293945,62,83,1
4.670000076293945,73,66,0
4.670000076293945,64,67,1
4.670000076293945,69,71,1
4.670000076293945,69,94,0
4.670000076293945,49,92,0
4.670000076293945,59,24,1
4.670000076293945,55,49,1
4.670000076293945,68,58,1
4.670000076293945,65,67,1
4.670000076293945,65,48,1
4.670000076293945,53,57,1
4.670000076293945,49,93,0
4.670000076293945,53,122,0
4.670000076293945,66,46,1
4.670000076293945,73,118,0
4.670000076293945,67,59,0
4.670000076293945,69,73,1
4.670000076293945,58,91,1
4.670000076293945,66,78,1
4.670000076293945,60,22,1
4.670000076293945,60,74,0
4.670000076293945,66,63,0
4.670000076293945,64,68,1
4.670000076293945,68,73,1
4.670000076293945,56,93,1
4.670000076293945,60,87,1
4.670000076293945,74,121,0
4.670000076293945,70,70,1
4.670000076293945,61,124,0
4.670000076293945,66,58,0
4.670000076293945,54,97,1
4.670000076293945,61,86,1
4.670000076293945,70,90,0
4.670000076293945,52,77,1
4.670000076293945,61,85,1
4.670000076293945,71,69,0
4.670000076293945,55,50,1
4.670000076293945,54,126,1
4.670000076293945,69,95,0
4.670000076293945,50,125,1
4.670000076293945,50,50,0
4.670000076293945,67,57,0
4.670000076293945,59,89,1
4.670000076293945,75,58,0
4.670000076293945,61,15,0
4.670000076293945,74,47,0
4.670000076293945,67,114,0
4.670000076293945,70,78,0
4.670000076293945,51,125,1
4.670000076293945,48,108,1
4.670000076293945,63,99,0
4.670000076293945,58,48,1
4.670000076293945,74,46,0
4.670000076293945,59,103,0
4.670000076293945,51,95,0
4.670000076293945,67,58,0
4.670000076293945,70,76,0
4.670000076293945,70,81,0
4.670000076293945,60,89,1
4.670000076293945,74,64,0
4.670000076293945,51,71,1
4.670000076293945,69,55,1
4.670000076293945,56,79,0
4.670000076293945,70,80,0
4.670000076293945,63,106,0
4.670000076293945,72,50,0
4.670000076293945,62,84,1
4.670000076293945,63,84,1
4.670000076293945,62,85,1
4.670000076293945,74,65,0
4.670000076293945,72,46,1
4.670000076293945,73,49,0
4.670000076293945,75,62,0
4.670000076293945,73,54,0
4.670000076293945,56,94,1
4.670000076293945,66,76,1
4.670000076293945,58,92,1
4.670000076293945,73,48,0
4.670000076293945,66,75,1
4.670000076293945,70,79,0
4.670000076293945,75,61,0
4.670000076293945,48,122,1
4.670000076293945,66,117,0
4.670000076293945,57,78,0
4.670000076293945,66,34,1
4.670000076293945,72,45,1
4.670000076293945,64,118,0
4.670000076293945,66,61,0
4.670000076293945,51,59,1
4.670000076293945,58,76,0
4.670000076293945,55,47,1
4.670000076293945,50,102,0
4.670000076293945,65,77,1
4.670000076293945,73,51,0
4.670000076293945,66,59,0
4.670000076293945,66,60,0
4.670000076293945,63,82,1
4.670000076293945,73,45,1
4.670000076293945,69,72,1
4.670000076293945,70,91,0
4.670000076293945,55,48,1
4.670000076293945,69,107,0
4.670000076293945,66,77,1
4.670000076293945,61,76,1
4.670000076293945,60,88,1
4.670000076293945,56,106,0
4.670000076293945,73,53,1
4.670000076293945,54,114,0
4.670000076293945,48,101,1
4.670000076293945,67,46,1
4.670000076293945,57,77,0
4.670000076293945,54,80,0
4.670000076293945,70,89,0
4.670000076293945,55,80,0
4.670000076293945,73,47,0
4.670000076293945,72,68,0
4.670000076293945,65,78,1
4.670000076293945,73,65,0
4.670000076293945,55,79,0
4.670000076293945,60,121,0
4.670000076293945,69,98,0
4.670000076293945,70,52,1
4.670000076293945,68,56,0
4.670000076293945,73,52,1
4.670000076293945,65,66,1
4.670000076293945,70,71,1
4.670000076293945,56,62,1
4.670000076293945,71,50,1
4.670000076293945,56,78,0
4.670000076293945,67,76,1
4.670000076293945,53,78,1
4.670000076293945,64,75,1
4.670000076293945,59,75,0
4.670000076293945,68,74,1
4.670000076293945,53,79,1
4.670000076293945,74,122,0
4.670000076293945,67,77,1
4.670000076293945,61,87,1
4.670000076293945,49,97,0
4.670000076293945,70,53,1
4.670000076293945,64,81,1
4.670000076293945,59,90,1
4.670000076293945,71,49,1
4.670000076293945,72,47,1
4.670000076293945,57,93,1
4.670000076293945,75,63,0
4.670000076293945,55,95,1
4.670000076293945,65,79,1
4.670000076293945,63,81,1
4.670000076293945,67,56,0
4.670000076293945,57,92,1
4.670000076293945,65,92,1
4.670000076293945,66,62,0
4.670000076293945,71,122,1
4.670000076293945,75,57,0
4.670000076293945,69,96,0
4.670000076293945,64,69,1
4.670000076293945,58,21,1
4.670000076293945,63,83,1
4.670000076293945,60,15,0
4.670000076293945,74,55,0
4.670000076293945,74,54,0
4.670000076293945,49,96,0
4.670000076293945,54,66,1
4.670000076293945,51,46,0
4.670000076293945,73,120,0
4.670000076293945,68,55,1
4.670000076293945,71,51,1
4.670000076293945,72,48,1
4.670000076293945,53,58,1
4.670000076293945,71,48,1
4.670000076293945,54,98,1
4.670000076293945,65,50,1
4.673333168029785,55,79,0
4.673333168029785,58,92,1
4.673333168029785,69,95,0
4.673333168029785,67,57,0
4.673333168029785,67,76,1
4.673333168029785,66,59,0
4.673333168029785,53,78,1
4.673333168029785,69,54,1
4.673333168029785,61,85,1
4.673333168029785,67,56,0
4.673333168029785,62,85,1
4.673333168029785,54,80,0
4.673333168029785,66,61,0
4.673333168029785,75,63,0
4.673333168029785,48,122,1
4.673333168029785,73,45,1
4.673333168029785,74,64,0
4.673333168029785,57,78,0
4.673333168029785,58,76,0
4.673333168029785,61,86,1
4.673333168029785,75,62,0
4.673333168029785,66,58,0
4.673333168029785,71,69,0
4.673333168029785,66,60,0
4.673333168029785,66,78,1
4.673333168029785,71,52,1
4.673333168029785,59,75,0
4.673333168029785,65,79,1
4.673333168029785,60,89,1
4.673333168029785,67,58,0
4.673333168029785,68,74,1
4.673333168029785,69,73,1
4.673333168029785,72,47,1
4.673333168029785,64,80,1
4.673333168029785,56,79,0
4.673333168029785,65,78,1
4.673333168029785,66,76,1
4.673333168029785,62,84,1
4.673333168029785,66,77,1
4.673333168029785,56,94,1
4.673333168029785,67,75,1
4.673333168029785,74,55,0
4.673333168029785,67,114,0
4.673333168029785,52,72,1
4.673333168029785,68,75,1
4.673333168029785,74,47,0
4.673333168029785,56,78,0
4.673333168029785,57,77,0
4.673333168029785,64,81,1
4.673333168029785,72,46,1
4.673333168029785,69,71,1
4.673333168029785,73,49,0
4.673333168029785,57,93,1
4.673333168029785,60,88,1
4.673333168029785,68,73,1
4.673333168029785,74,65,0
4.673333168029785,64,67,1
4.673333168029785,58,91,1
4.673333168029785,73,66,0
4.673333168029785,69,72,1
4.673333168029785,66,63,0
4.673333168029785,71,49,1
4.673333168029785,70,53,1
4.673333168029785,71,50,1
4.673333168029785,70,71,1
4.673333168029785,73,50,0
4.673333168029785,66,62,0
4.673333168029785,63,82,1
4.673333168029785,70,70,1
4.673333168029785,55,95,1
4.673333168029785,71,51,1
4.673333168029785,63,83,1
4.673333168029785,59,90,1
4.673333168029785,73,48,0
4.673333168029785,61,87,1
4.673333168029785,69,55,1
4.676666736602783,48,122,1
4.676666736602783,56,78,0
4.676666736602783,61,87,1
4.676666736602783,69,73,1
4.676666736602783,54,80,0
4.676666736602783,70,71,1
4.676666736602783,66,63,0
4.676666736602783,67,76,1
4.676666736602783,55,79,0
4.676666736602783,63,82,1
4.676666736602783,61,86,1
4.676666736602783,57,93,1
4.676666736602783,68,75,1
4.676666736602783,56,94,1
4.676666736602783,57,77,0
4.676666736602783,66,77,1
4.676666736602783,66,78,1
4.676666736602783,71,51,1
4.676666736602783,70,70,1
4.676666736602783,55,95,1
4.676666736602783,75,62,0
4.676666736602783,64,81,1
4.676666736602783,66,62,0
4.676666736602783,58,92,1
4.676666736602783,69,54,1
4.676666736602783,67,57,0
4.676666736602783,74,64,0
4.676666736602783,67,58,0
4.676666736602783,65,78,1
4.676666736602783,69,72,1
4.676666736602783,67,75,1
4.676666736602783,62,84,1
4.676666736602783,60,89,1
4.676666736602783,58,76,0
4.676666736602783,65,79,1
4.676666736602783,71,50,1
4.676666736602783,69,95,0
4.676666736602783,62,85,1
4.676666736602783,71,69,0
4.676666736602783,73,49,0
4.676666736602783,64,80,1
4.676666736602783,67,56,0
4.676666736602783,66,76,1
4.676666736602783,68,74,1
4.676666736602783,59,90,1
4.676666736602783,63,83,1
4.676666736602783,66,61,0
4.676666736602783,60,88,1
4.676666736602783,66,60,0
4.679999828338623,62,85,1
4.679999828338623,66,61,0
4.679999828338623,67,75,1
4.679999828338623,66,76,1
4.679999828338623,67,57,0
4.679999828338623,63,83,1
4.679999828338623,67,58,0
4.679999828338623,65,78,1
4.679999828338623,55,79,0
4.679999828338623,57,77,0
4.679999828338623,63,82,1
4.679999828338623,64,80,1
4.679999828338623,56,78,0
4.679999828338623,67,56,0
4.679999828338623,66,77,1
4.679999828338623,58,76,0
4.679999828338623,57,93,1
4.679999828338623,66,62,0
4.679999828338623,68,75,1
4.679999828338623,59,90,1
4.679999828338623,66,60,0
4.679999828338623,60,89,1
4.679999828338623,62,84,1
4.679999828338623,65,79,1
4.679999828338623,54,80,0
4.679999828338623,67,76,1
4.679999828338623,61,87,1
4.679999828338623,56,94,1
4.679999828338623,64,81,1
4.679999828338623,58,92,1
4.679999828338623,68,74,1
4.679999828338623,69,72,1
4.679999828338623,69,95,0
4.683333396911621,64,81,1
4.683333396911621,65,79,1
4.683333396911621,66,61,0
4.683333396911621,68,74,1
4.683333396911621,56,94,1
4.683333396911621,58,92,1
4.683333396911621,63,83,1
4.683333396911621,67,57,0
4.683333396911621,58,76,0
4.683333396911621,66,77,1
4.683333396911621,69,72,1
4.683333396911621,57,93,1
4.683333396911621,66,62,0
4.683333396911621,62,85,1
4.683333396911621,56,78,0
4.683333396911621,57,77,0
4.683333396911621,59,90,1
4.683333396911621,68,75,1
4.683333396911621,55,79,0
4.683333396911621,61,87,1
4.683333396911621,67,75,1
4.686666488647461,57,77,0
4.686666488647461,58,76,0
4.686666488647461,57,93,1
4.686666488647461,56,78,0
4.686666488647461,66,77,1
4.686666488647461,59,90,1
4.686666488647461,62,85,1
4.686666488647461,63,83,1
4.686666488647461,64,81,1
4.686666488647461,55,79,0
4.686666488647461,69,72,1
4.686666488647461,61,87,1
4.686666488647461,65,79,1
4.686666488647461,68,74,1
4.686666488647461,67,75,1
4.686666488647461,56,94,1
4.686666488647461,66,61,0
4.690000057220459,61,87,1
4.690000057220459,67,75,1
4.690000057220459,69,72,1
4.690000057220459,63,83,1
4.690000057220459,65,79,1
4.690000057220459,57,77,0
4.690000057220459,62,85,1
4.690000057220459,64,81,1
4.690000057220459,66,77,1
4.693333148956299,65,79,1
4.693333148956299,69,72,1
4.693333148956299,57,77,0
4.693333148956299,67,75,1
4.693333148956299,61,87,1
4.693333148956299,62,85,1
4.693333148956299,63,83,1
4.693333148956299,64,81,1
4.696666717529297,67,75,1
4.696666717529297,65,79,1
4.696666717529297,69,72,1
4.696666717529297,64,81,1
4.699999809265137,69,72,1
4.699999809265137,65,79,1
4.699999809265137,67,75,1
4.7037034034729,63,107,0
4.7037034034729,67,75,1
4.7037034034729,52,73,1
4.7037034034729,65,70,1
4.7037034034729,73,46,1
4.7037034034729,59,75,0
4.7037034034729,72,68,0
4.7037034034729,75,54,0
4.7037034034729,68,75,1
4.7037034034729,71,53,1
4.7037034034729,48,122,0
4.7037034034729,74,67,0
4.7037034034729,50,94,0
4.7037034034729,60,112,0
4.7037034034729,62,16,0
4.7037034034729,50,56,1
4.7037034034729,50,55,1
4.7037034034729,71,52,1
4.7037034034729,52,75,1
4.7037034034729,55,71,0
4.7037034034729,64,71,1
4.7037034034729,70,71,1
4.7037034034729,61,86,1
4.7037034034729,70,54,1
4.7037034034729,69,83,0
4.7037034034729,65,80,1
4.7037034034729,65,50,0
4.7037034034729,53,57,0
4.7037034034729,66,78,1
4.7037034034729,66,79,1
4.7037034034729,72,47,1
4.7037034034729,58,76,0
4.7037034034729,76,61,0
4.7037034034729,71,122,1
4.7037034034729,71,68,0
4.7037034034729,51,67,1
4.7037034034729,67,60,0
4.7037034034729,66,64,0
4.7037034034729,59,19,0
4.7037034034729,55,69,0
4.7037034034729,69,58,1
4.7037034034729,64,79,1
4.7037034034729,66,62,0
4.7037034034729,66,65,0
4.7037034034729,62,33,1
4.7037034034729,55,49,0
4.7037034034729,74,51,0
4.7037034034729,50,58,1
4.7037034034729,63,83,1
4.7037034034729,62,84,1
4.7037034034729,53,79,1
4.7037034034729,67,77,1
4.7037034034729,66,61,1
4.7037034034729,55,79,0
4.7037034034729,74,123,0
4.7037034034729,64,106,0
4.7037034034729,57,77,0
4.7037034034729,67,61,0
4.7037034034729,72,50,1
4.7037034034729,74,48,0
4.7037034034729,60,89,1
4.7037034034729,73,68,0
4.7037034034729,68,56,0
4.7037034034729,58,77,0
4.7037034034729,71,69,0
4.7037034034729,66,58,1
4.7037034034729,73,48,1
4.7037034034729,55,48,0
4.7037034034729,63,73,1
4.7037034034729,65,68,1
4.7037034034729,68,57,0
4.7037034034729,65,79,1
4.7037034034729,67,76,1
4.7037034034729,68,74,1
4.7037034034729,50,95,0
4.7037034034729,71,51,1
4.7037034034729,74,50,0
4.7037034034729,73,52,0
4.7037034034729,65,119,1
4.7037034034729,65,59,1
4.7037034034729,58,92,1
4.7037034034729,59,78,1
4.7037034034729,56,78,0
4.7037034034729,74,59,0
4.7037034034729,57,74,0
4.7037034034729,74,49,0
4.7037034034729,49,93,0
4.7037034034729,74,66,0
4.7037034034729,54,61,0
4.7037034034729,64,124,0
4.7037034034729,67,74,1
4.7037034034729,75,65,0
4.7037034034729,56,73,0
4.7037034034729,71,54,1
4.7037034034729,66,59,1
4.7037034034729,53,77,1
4.7037034034729,61,87,1
4.7037034034729,51,68,1
4.7037034034729,58,75,0
4.7037034034729,52,76,1
4.7037034034729,56,79,0
4.7037034034729,54,66,0
4.7037034034729,76,63,0
4.7037034034729,57,78,0
4.7037034034729,64,82,1
4.7037034034729,67,57,0
4.7037034034729,53,78,1
4.7037034034729,73,47,1
4.7037034034729,75,64,0
4.7037034034729,52,72,1
4.7037034034729,65,51,0
4.7037034034729,72,69,0
4.7037034034729,73,59,0
4.7037034034729,59,76,0
4.7037034034729,63,82,1
4.7037034034729,52,71,1
4.7037034034729,66,63,0
4.7037034034729,75,58,0
4.7037034034729,58,91,1
4.7037034034729,73,51,0
4.7037034034729,64,80,1
4.7037034034729,69,56,1
4.7037034034729,72,51,1
4.7037034034729,54,64,0
4.7037034034729,65,60,1
4.7037034034729,74,60,0
4.7037034034729,75,55,0
4.7037034034729,69,73,1
4.7037034034729,74,65,0
4.7037034034729,67,55,0
4.7037034034729,56,72,0
4.7037034034729,73,122,0
4.7037034034729,51,69,1
4.7037034034729,68,63,1
4.7037034034729,69,95,1
4.7037034034729,67,62,0
4.7037034034729,69,98,1
4.7037034034729,65,71,1
4.7037034034729,73,66,0
4.7037034034729,64,81,1
4.7037034034729,58,99,0
4.7037034034729,50,62,1
4.7037034034729,75,56,0
4.7037034034729,54,65,0
4.7037034034729,71,70,0
4.7037034034729,75,59,0
4.7037034034729,70,53,1
4.7037034034729,50,64,1
4.7037034034729,68,58,0
4.7037034034729,54,80,0
4.7037034034729,63,84,1
4.7037034034729,54,81,0
4.7037034034729,66,118,0
4.7037034034729,73,50,0
4.7037034034729,75,57,0
4.7037034034729,55,45,0
4.7037034034729,65,78,1
4.7037034034729,69,72,1
4.7037034034729,67,58,0
4.7037034034729,72,48,1
4.7037034034729,55,46,0
4.7037034034729,72,49,1
4.7037034034729,60,125,0
4.7037034034729,59,91,1
4.7037034034729,73,67,0
4.7037034034729,70,73,0
4.7037034034729,66,60,1
4.7037034034729,74,53,1
4.7037034034729,69,74,1
4.7037034034729,50,63,1
4.7037034034729,55,47,0
4.7037034034729,60,55,1
4.7037034034729,50,57,1
4.7037034034729,51,73,1
4.7037034034729,76,62,0
4.7037034034729,53,58,0
4.7037034034729,70,72,1
4.7037034034729,59,90,1
4.7037034034729,54,62,0
4.7037034034729,74,47,0
4.7037034034729,58,74,0
4.7037034034729,50,93,0
4.7037034034729,66,77,1
4.7037034034729,55,50,0
4.7037034034729,69,55,1
4.7037034034729,48,91,0
4.7037034034729,50,65,1
4.7037034034729,62,85,1
4.7037034034729,60,88,1
4.7037034034729,75,63,0
4.7037034034729,63,126,0
4.7037034034729,67,59,0
4.707406997680664,74,49,0
4.707406997680664,60,89,1
4.707406997680664,48,122,0
4.707406997680664,76,62,0
4.707406997680664,74,48,0
4.707406997680664,71,53,1
4.707406997680664,67,75,1
4.707406997680664,73,47,1
4.707406997680664,56,73,0
4.707406997680664,62,84,1
4.707406997680664,69,73,1
4.707406997680664,58,77,0
4.707406997680664,52,71,1
4.707406997680664,71,52,1
4.707406997680664,66,77,1
4.707406997680664,67,59,0
4.707406997680664,65,80,1
4.707406997680664,72,48,1
4.707406997680664,66,78,1
4.707406997680664,66,64,0
4.707406997680664,66,59,1
4.707406997680664,62,85,1
4.707406997680664,73,51,0
4.707406997680664,61,87,1
4.707406997680664,55,49,0
4.707406997680664,53,57,0
4.707406997680664,67,58,0
4.707406997680664,66,61,1
4.707406997680664,59,76,0
4.707406997680664,54,80,0
4.707406997680664,66,60,1
4.707406997680664,68,56,0
4.707406997680664,55,50,0
4.707406997680664,72,69,0
4.707406997680664,53,58,0
4.707406997680664,69,72,1
4.707406997680664,66,65,0
4.707406997680664,54,65,0
4.707406997680664,75,64,0
4.707406997680664,73,46,1
4.707406997680664,70,71,1
4.707406997680664,67,61,0
4.707406997680664,55,48,0
4.707406997680664,70,54,1
4.707406997680664,72,50,1
4.707406997680664,55,47,0
4.707406997680664,74,66,0
4.707406997680664,71,122,1
4.707406997680664,70,72,1
4.707406997680664,63,83,1
4.707406997680664,68,75,1
4.707406997680664,65,79,1
4.707406997680664,57,74,0
4.707406997680664,73,50,0
4.707406997680664,72,49,1
4.707406997680664,67,76,1
4.707406997680664,76,61,0
4.707406997680664,69,95,1
4.707406997680664,57,78,0
4.707406997680664,69,74,1
4.707406997680664,66,63,0
4.707406997680664,73,52,0
4.707406997680664,68,57,0
4.707406997680664,75,59,0
4.707406997680664,75,58,0
4.707406997680664,73,67,0
4.707406997680664,69,55,1
4.707406997680664,64,82,1
4.707406997680664,51,67,1
4.707406997680664,58,76,0
4.707406997680664,57,77,0
4.707406997680664,52,72,1
4.707406997680664,75,55,0
4.707406997680664,67,60,0
4.707406997680664,64,81,1
4.711111068725586,67,60,0
4.711111068725586,53,57,0
4.711111068725586,66,78,1
4.711111068725586,73,52,0
4.711111068725586,68,75,1
4.711111068725586,74,48,0
4.711111068725586,63,83,1
4.711111068725586,66,60,1
4.711111068725586,67,59,0
4.711111068725586,60,89,1
4.711111068725586,54,65,0
4.711111068725586,73,46,1
4.711111068725586,55,48,0
4.711111068725586,70,72,1
4.711111068725586,71,53,1
4.711111068725586,64,81,1
4.711111068725586,67,58,0
4.711111068725586,68,57,0
4.711111068725586,76,62,0
4.711111068725586,72,50,1
4.711111068725586,67,76,1
4.711111068725586,75,64,0
4.711111068725586,72,49,1
4.711111068725586,69,73,1
4.711111068725586,64,82,1
4.711111068725586,69,55,1
4.711111068725586,51,67,1
4.711111068725586,65,80,1
4.711111068725586,70,54,1
4.711111068725586,69,74,1
4.711111068725586,68,56,0
4.711111068725586,65,79,1
4.711111068725586,66,64,0
4.711111068725586,67,61,0
4.711111068725586,66,59,1
4.711111068725586,58,76,0
4.711111068725586,75,55,0
4.711111068725586,73,47,1
4.711111068725586,66,63,0
4.71481466293335,66,78,1
4.71481466293335,69,74,1
4.71481466293335,67,60,0
4.71481466293335,54,65,0
4.71481466293335,68,75,1
4.71481466293335,65,80,1
4.71481466293335,68,56,0
4.71481466293335,64,82,1
4.71481466293335,70,72,1
4.71481466293335,66,63,0
4.71481466293335,72,50,1
4.71481466293335,60,89,1
4.71481466293335,67,61,0
4.71481466293335,64,81,1
4.71481466293335,67,58,0
4.71481466293335,67,59,0
4.71481466293335,69,73,1
4.71481466293335,67,76,1
4.71481466293335,66,64,0
4.718518257141113,67,60,0
4.718518257141113,67,59,0
4.718518257141113,66,63,0
4.718518257141113,67,76,1
4.718518257141113,66,78,1
4.718518257141113,66,64,0
4.718518257141113,65,80,1
4.718518257141113,68,56,0
4.718518257141113,69,73,1
4.718518257141113,69,74,1
4.722221851348877,66,63,0
4.722221851348877,66,78,1
4.722221851348877,65,80,1
4.722221851348877,67,60,0
4.722221851348877,66,64,0
4.722221851348877,67,59,0
4.725925445556641,67,60,0
4.725925445556641,65,80,1
4.725925445556641,66,63,0
4.725925445556641,67,59,0
4.725925445556641,66,64,0
4.7296295166015625,67,60,0
4.7296295166015625,65,80,1
4.7296295166015625,66,64,0
4.733333110809326,65,80,1
4.735897064208984,66,64,0
4.735897064208984,50,94,1
4.735897064208984,68,76,1
4.735897064208984,58,75,1
4.735897064208984,71,122,1
4.735897064208984,66,66,0
4.735897064208984,62,85,1
4.735897064208984,68,59,0
4.735897064208984,64,125,0
4.735897064208984,67,77,1
4.735897064208984,70,55,1
4.735897064208984,46,123,1
4.735897064208984,66,118,0
4.735897064208984,52,48,1
4.735897064208984,57,79,0
4.735897064208984,74,47,1
4.735897064208984,55,50,0
4.735897064208984,58,18,0
4.735897064208984,55,80,0
4.735897064208984,55,95,1
4.735897064208984,50,123,0
4.735897064208984,70,75,0
4.735897064208984,52,71,0
4.735897064208984,48,122,0
4.735897064208984,69,73,1
4.735897064208984,69,77,0
4.735897064208984,54,126,0
4.735897064208984,49,106,0
4.735897064208984,51,67,0
4.735897064208984,60,88,1
4.735897064208984,62,16,1
4.735897064208984,56,79,0
4.735897064208984,66,79,1
4.735897064208984,64,81,1
4.735897064208984,72,50,1
4.735897064208984,69,98,1
4.735897064208984,58,78,0
4.735897064208984,76,59,0
4.735897064208984,61,88,1
4.735897064208984,69,107,0
4.735897064208984,66,63,0
4.735897064208984,71,71,0
4.735897064208984,58,76,0
4.735897064208984,66,62,0
4.735897064208984,55,96,1
4.735897064208984,55,126,0
4.735897064208984,56,73,1
4.735897064208984,65,71,1
4.735897064208984,68,75,1
4.735897064208984,57,126,0
4.735897064208984,67,61,0
4.735897064208984,60,90,1
4.735897064208984,68,111,0
4.735897064208984,63,127,0
4.735897064208984,58,89,1
4.735897064208984,51,123,0
4.735897064208984,67,115,0
4.735897064208984,66,53,1
4.735897064208984,50,125,0
4.735897064208984,56,91,1
4.735897064208984,69,56,1
4.735897064208984,75,66,0
4.735897064208984,73,68,0
4.735897064208984,74,67,0
4.735897064208984,54,96,1
4.735897064208984,64,83,1
4.735897064208984,70,72,1
4.735897064208984,59,117,1
4.735897064208984,65,81,1
4.735897064208984,55,42,1
4.735897064208984,69,126,1
4.735897064208984,54,80,0
4.735897064208984,60,87,1
4.735897064208984,74,54,1
4.735897064208984,53,124,0
4.735897064208984,54,40,1
4.735897064208984,59,91,1
4.735897064208984,75,48,0
4.735897064208984,61,86,1
4.735897064208984,69,75,1
4.735897064208984,66,119,0
4.735897064208984,61,35,0
4.735897064208984,54,65,1
4.735897064208984,60,89,1
4.735897064208984,54,39,1
4.735897064208984,74,121,1
4.735897064208984,68,58,0
4.735897064208984,74,50,0
4.735897064208984,52,97,1
4.735897064208984,49,122,0
4.735897064208984,69,78,0
4.735897064208984,65,30,0
4.735897064208984,62,76,1
4.735897064208984,65,80,1
4.735897064208984,64,124,0
4.735897064208984,58,77,0
4.735897064208984,74,52,0
4.735897064208984,74,51,0
4.735897064208984,64,82,1
4.735897064208984,54,81,0
4.735897064208984,65,123,0
4.735897064208984,57,34,1
4.735897064208984,76,62,0
4.735897064208984,72,119,1
4.735897064208984,67,76,1
4.735897064208984,76,64,0
4.735897064208984,56,94,1
4.735897064208984,76,60,0
4.735897064208984,70,77,0
4.735897064208984,73,50,1
4.735897064208984,72,51,1
4.735897064208984,66,65,0
4.735897064208984,60,75,0
4.735897064208984,52,123,0
4.735897064208984,51,57,1
4.735897064208984,52,125,0
4.735897064208984,75,54,1
4.735897064208984,62,84,1
4.735897064208984,70,73,1
4.735897064208984,64,74,1
4.735897064208984,65,79,1
4.735897064208984,62,86,1
4.735897064208984,51,96,1
4.735897064208984,74,46,1
4.735897064208984,68,90,0
4.735897064208984,59,76,0
4.735897064208984,73,69,0
4.735897064208984,74,66,0
4.735897064208984,59,75,1
4.735897064208984,55,49,0
4.735897064208984,65,122,0
4.735897064208984,63,84,1
4.735897064208984,50,95,1
4.735897064208984,73,48,1
4.735897064208984,61,87,1
4.735897064208984,57,93,1
4.735897064208984,64,34,1
4.735897064208984,68,57,0
4.735897064208984,67,78,1
4.735897064208984,67,62,0
4.735897064208984,73,49,1
4.735897064208984,59,90,1
4.735897064208984,60,15,1
4.735897064208984,67,60,0
4.735897064208984,62,83,1
4.735897064208984,66,77,1
4.735897064208984,73,47,1
4.735897064208984,63,34,1
4.735897064208984,70,78,0
4.735897064208984,67,55,1
4.735897064208984,57,74,1
4.735897064208984,60,49,1
4.735897064208984,74,68,0
4.735897064208984,67,54,1
4.735897064208984,47,120,1
4.735897064208984,74,56,0
4.735897064208984,74,49,0
4.735897064208984,68,60,0
4.735897064208984,63,83,1
4.735897064208984,75,57,0
4.735897064208984,71,54,1
4.735897064208984,56,126,0
4.735897064208984,68,55,1
4.735897064208984,55,79,0
4.735897064208984,72,120,1
4.735897064208984,69,74,1
4.735897064208984,53,97,1
4.735897064208984,61,34,0
4.735897064208984,67,64,0
4.735897064208984,46,124,1
4.735897064208984,56,34,1
4.735897064208984,71,55,1
4.735897064208984,67,114,0
4.735897064208984,69,97,0
4.735897064208984,75,49,0
4.735897064208984,72,69,0
4.735897064208984,56,125,0
4.735897064208984,57,94,1
4.735897064208984,64,68,1
4.735897064208984,66,60,0
4.735897064208984,59,77,0
4.735897064208984,55,127,1
4.735897064208984,55,48,1
4.735897064208984,58,92,1
4.735897064208984,50,96,0
4.735897064208984,66,25,1
4.735897064208984,57,92,1
4.735897064208984,76,63,0
4.735897064208984,72,53,1
4.735897064208984,66,78,1
4.735897064208984,58,91,1
4.735897064208984,65,72,1
4.735897064208984,73,120,1
4.735897064208984,56,80,0
4.735897064208984,74,63,0
4.735897064208984,70,56,1
4.735897064208984,48,107,1
4.735897064208984,49,93,1
4.735897064208984,67,63,0
4.735897064208984,68,110,0
4.735897064208984,69,95,1
4.735897064208984,56,127,1
4.735897064208984,75,65,0
4.735897064208984,72,52,1
4.735897064208984,55,94,1
4.735897064208984,57,78,0
4.735897064208984,54,95,1
4.735897064208984,64,76,1
4.735897064208984,48,125,0
4.735897064208984,75,56,0
4.735897064208984,65,121,0
4.735897064208984,72,70,0
4.735897064208984,71,70,0
4.735897064208984,50,124,0
4.738461017608643,65,81,1
4.738461017608643,63,84,1
4.738461017608643,69,75,1
4.738461017608643,68,58,0
4.738461017608643,69,56,1
4.738461017608643,53,124,0
4.738461017608643,69,74,1
4.738461017608643,68,59,0
4.738461017608643,72,70,0
4.738461017608643,57,74,1
4.738461017608643,75,66,0
4.738461017608643,76,63,0
4.738461017608643,58,77,0
4.738461017608643,71,70,0
4.738461017608643,50,124,0
4.738461017608643,51,123,0
4.738461017608643,66,65,0
4.738461017608643,66,78,1
4.738461017608643,74,47,1
4.738461017608643,65,121,0
4.738461017608643,75,65,0
4.738461017608643,59,90,1
4.738461017608643,68,76,1
4.738461017608643,59,91,1
4.738461017608643,75,48,0
4.738461017608643,64,82,1
4.738461017608643,66,79,1
4.738461017608643,62,86,1
4.738461017608643,58,75,1
4.738461017608643,72,52,1
4.738461017608643,68,60,0
4.738461017608643,63,83,1
4.738461017608643,72,51,1
4.738461017608643,65,122,0
4.738461017608643,74,50,0
4.738461017608643,67,78,1
4.738461017608643,54,81,0
4.738461017608643,73,68,0
4.738461017608643,74,52,0
4.738461017608643,75,49,0
4.738461017608643,67,62,0
4.738461017608643,51,96,1
4.738461017608643,68,57,0
4.738461017608643,64,124,0
4.738461017608643,70,56,1
4.738461017608643,54,96,1
4.738461017608643,67,76,1
4.738461017608643,73,48,1
4.738461017608643,60,90,1
4.738461017608643,67,77,1
4.738461017608643,61,88,1
4.738461017608643,73,50,1
4.738461017608643,69,97,0
4.738461017608643,54,126,0
4.738461017608643,59,76,0
4.738461017608643,55,95,1
4.738461017608643,72,53,1
4.738461017608643,56,94,1
4.738461017608643,75,56,0
4.738461017608643,52,97,1
4.738461017608643,57,93,1
4.738461017608643,71,71,0
4.738461017608643,70,72,1
4.738461017608643,57,34,1
4.738461017608643,70,55,1
4.738461017608643,66,64,0
4.738461017608643,74,68,0
4.738461017608643,47,120,1
4.738461017608643,61,86,1
4.738461017608643,67,63,0
4.738461017608643,67,60,0
4.738461017608643,60,89,1
4.738461017608643,68,111,0
4.738461017608643,58,76,0
4.738461017608643,66,66,0
4.738461017608643,53,97,1
4.738461017608643,56,79,0
4.738461017608643,73,49,1
4.738461017608643,65,80,1
4.738461017608643,54,80,0
4.738461017608643,67,64,0
4.738461017608643,56,73,1
4.738461017608643,73,69,0
4.738461017608643,55,126,0
4.738461017608643,48,122,0
4.738461017608643,50,95,1
4.738461017608643,58,92,1
4.738461017608643,74,67,0
4.738461017608643,71,54,1
4.738461017608643,71,122,1
4.738461017608643,76,64,0
4.738461017608643,70,73,1
4.738461017608643,55,79,0
4.738461017608643,63,127,0
4.738461017608643,74,51,0
4.738461017608643,55,80,0
4.738461017608643,67,61,0
4.738461017608643,61,87,1
4.738461017608643,57,78,0
4.738461017608643,62,85,1
4.738461017608643,69,107,0
4.738461017608643,51,67,0
4.738461017608643,69,73,1
4.738461017608643,64,81,1
4.741025447845459,70,56,1
4.741025447845459,67,78,1
4.741025447845459,70,55,1
4.741025447845459,57,78,0
4.741025447845459,57,93,1
4.741025447845459,66,65,0
4.741025447845459,56,94,1
4.741025447845459,61,87,1
4.741025447845459,55,80,0
4.741025447845459,67,62,0
4.741025447845459,58,77,0
4.741025447845459,54,80,0
4.741025447845459,59,90,1
4.741025447845459,64,124,0
4.741025447845459,66,66,0
4.741025447845459,67,76,1
4.741025447845459,69,74,1
4.741025447845459,70,72,1
4.741025447845459,62,85,1
4.741025447845459,58,92,1
4.741025447845459,73,48,1
4.741025447845459,66,79,1
4.741025447845459,63,127,0
4.741025447845459,59,91,1
4.741025447845459,75,66,0
4.741025447845459,67,77,1
4.741025447845459,67,63,0
4.741025447845459,58,75,1
4.741025447845459,76,63,0
4.741025447845459,74,51,0
4.741025447845459,65,81,1
4.741025447845459,63,84,1
4.741025447845459,61,88,1
4.741025447845459,56,73,1
4.741025447845459,64,82,1
4.741025447845459,68,58,0
4.741025447845459,68,76,1
4.741025447845459,59,76,0
4.741025447845459,68,59,0
4.741025447845459,56,79,0
4.741025447845459,67,61,0
4.741025447845459,73,49,1
4.741025447845459,52,97,1
4.741025447845459,68,57,0
4.741025447845459,69,75,1
4.741025447845459,66,78,1
4.741025447845459,70,73,1
4.741025447845459,60,89,1
4.741025447845459,65,80,1
4.741025447845459,62,86,1
4.741025447845459,72,52,1
4.743589401245117,68,76,1
4.743589401245117,68,57,0
4.743589401245117,67,63,0
4.743589401245117,67,62,0
4.743589401245117,67,78,1
4.743589401245117,63,84,1
4.743589401245117,67,61,0
4.743589401245117,66,66,0
4.743589401245117,61,88,1
4.743589401245117,66,65,0
4.743589401245117,69,75,1
4.743589401245117,57,78,0
4.743589401245117,70,72,1
4.743589401245117,70,73,1
4.743589401245117,59,91,1
4.743589401245117,68,58,0
4.743589401245117,56,73,1
4.743589401245117,70,55,1
4.743589401245117,65,81,1
4.743589401245117,55,80,0
4.743589401245117,64,124,0
4.743589401245117,58,77,0
4.743589401245117,60,89,1
4.743589401245117,64,82,1
4.743589401245117,72,52,1
4.743589401245117,67,77,1
4.743589401245117,58,92,1
4.743589401245117,66,78,1
4.743589401245117,59,76,0
4.743589401245117,69,74,1
4.743589401245117,66,79,1
4.743589401245117,62,86,1
4.743589401245117,56,79,0
4.743589401245117,65,80,1
4.746153831481934,67,62,0
4.746153831481934,62,86,1
4.746153831481934,63,84,1
4.746153831481934,67,61,0
4.746153831481934,58,92,1
4.746153831481934,66,79,1
4.746153831481934,64,82,1
4.746153831481934,67,77,1
4.746153831481934,55,80,0
4.746153831481934,66,65,0
4.746153831481934,65,81,1
4.746153831481934,68,58,0
4.746153831481934,57,78,0
4.746153831481934,69,75,1
4.746153831481934,68,76,1
4.746153831481934,58,77,0
4.746153831481934,65,80,1
4.746153831481934,61,88,1
4.746153831481934,59,76,0
4.746153831481934,70,72,1
4.746153831481934,59,91,1
4.746153831481934,56,79,0
4.746153831481934,66,78,1
4.746153831481934,70,73,1
4.748717784881592,61,88,1
4.748717784881592,59,76,0
4.748717784881592,66,65,0
4.748717784881592,58,77,0
4.748717784881592,66,79,1
4.748717784881592,67,62,0
4.748717784881592,65,81,1
4.748717784881592,67,77,1
4.748717784881592,62,86,1
4.748717784881592,56,79,0
4.748717784881592,69,75,1
4.748717784881592,65,80,1
4.748717784881592,68,58,0
4.748717784881592,63,84,1
4.748717784881592,70,72,1
4.748717784881592,57,78,0
4.748717784881592,64,82,1
4.748717784881592,59,91,1
4.748717784881592,67,61,0
4.748717784881592,70,73,1
4.748717784881592,68,76,1
4.751282215118408,66,65,0
4.751282215118408,68,76,1
4.751282215118408,59,91,1
4.751282215118408,57,78,0
4.751282215118408,58,77,0
4.751282215118408,56,79,0
4.751282215118408,62,86,1
4.751282215118408,65,81,1
4.751282215118408,67,62,0
4.751282215118408,64,82,1
4.751282215118408,69,75,1
4.751282215118408,67,77,1
4.751282215118408,61,88,1
4.751282215118408,65,80,1
4.751282215118408,70,73,1
4.751282215118408,63,84,1
4.751282215118408,59,76,0
4.751282215118408,66,79,1
4.753846168518066,61,88,1
4.753846168518066,66,65,0
4.753846168518066,62,86,1
4.753846168518066,67,77,1
4.753846168518066,67,62,0
4.753846168518066,57,78,0
4.753846168518066,63,84,1
4.753846168518066,59,91,1
4.753846168518066,58,77,0
4.753846168518066,68,76,1
4.753846168518066,66,79,1
4.756410121917725,62,86,1
4.756410121917725,66,79,1
4.756410121917725,57,78,0
4.756410121917725,63,84,1
4.756410121917725,67,77,1
4.756410121917725,67,62,0
4.758974552154541,63,84,1
4.758974552154541,67,62,0
4.758974552154541,62,86,1
4.761538505554199,63,84,1
4.764102935791016,63,84,1
4.766666889190674,63,84,1
4.770000457763672,66,23,1
4.770000457763672,66,24,1
4.770000457763672,59,23,0
4.770000457763672,66,80,1
4.770000457763672,74,123,1
4.770000457763672,70,58,1
4.770000457763672,61,36,0
4.770000457763672,67,78,1
4.770000457763672,72,53,1
4.770000457763672,55,92,1
4.770000457763672,63,83,1
4.770000457763672,72,118,1
4.770000457763672,54,65,1
4.770000457763672,52,110,0
4.770000457763672,56,95,1
4.770000457763672,69,100,1
4.770000457763672,57,32,1
4.770000457763672,65,22,1
4.770000457763672,66,79,1
4.770000457763672,69,106,0
4.770000457763672,52,97,1
4.770000457763672,76,64,0
4.770000457763672,48,122,0
4.770000457763672,70,125,1
4.770000457763672,75,55,1
4.770000457763672,68,76,1
4.770000457763672,62,66,1
4.770000457763672,54,96,1
4.770000457763672,57,79,0
4.770000457763672,67,114,0
4.770000457763672,72,71,0
4.770000457763672,62,86,1
4.770000457763672,73,71,0
4.770000457763672,70,105,0
4.770000457763672,67,64,0
4.770000457763672,52,49,1
4.770000457763672,76,60,0
4.770000457763672,55,80,0
4.770000457763672,72,65,0
4.770000457763672,74,48,1
4.770000457763672,75,51,0
4.770000457763672,67,63,0
4.770000457763672,76,66,0
4.770000457763672,50,94,1
4.770000457763672,59,116,1
4.770000457763672,53,126,0
4.770000457763672,75,67,0
4.770000457763672,68,112,0
4.770000457763672,57,16,1
4.770000457763672,63,85,1
4.770000457763672,48,111,1
4.770000457763672,61,51,1
4.770000457763672,59,56,1
4.770000457763672,61,88,1
4.770000457763672,59,90,1
4.770000457763672,59,15,1
4.770000457763672,58,92,1
4.770000457763672,47,119,1
4.770000457763672,55,44,1
4.770000457763672,53,69,1
4.770000457763672,73,52,1
4.770000457763672,69,57,1
4.770000457763672,76,57,0
4.770000457763672,75,68,0
4.770000457763672,64,25,0
4.770000457763672,66,32,1
4.770000457763672,64,24,0
4.770000457763672,69,86,0
4.770000457763672,65,82,1
4.770000457763672,66,67,0
4.770000457763672,70,56,1
4.770000457763672,59,119,1
4.770000457763672,50,95,1
4.770000457763672,70,73,1
4.770000457763672,53,124,0
4.770000457763672,65,69,1
4.770000457763672,55,116,1
4.770000457763672,58,77,0
4.770000457763672,66,117,1
4.770000457763672,49,125,0
4.770000457763672,60,81,1
4.770000457763672,52,117,1
4.770000457763672,72,121,1
4.770000457763672,57,24,0
4.770000457763672,53,97,1
4.770000457763672,74,53,0
4.770000457763672,55,40,1
4.770000457763672,47,120,1
4.770000457763672,65,81,1
4.770000457763672,59,76,0
4.770000457763672,56,126,0
4.770000457763672,47,116,1
4.770000457763672,51,54,1
4.770000457763672,69,109,0
4.770000457763672,52,67,1
4.770000457763672,64,116,1
4.770000457763672,68,62,0
4.770000457763672,69,96,1
4.770000457763672,63,35,0
4.770000457763672,56,17,1
4.770000457763672,68,104,1
4.770000457763672,72,70,0
4.770000457763672,72,54,1
4.770000457763672,54,126,0
4.770000457763672,67,79,1
4.770000457763672,62,54,1
4.770000457763672,55,71,1
4.770000457763672,58,78,0
4.770000457763672,69,76,1
4.770000457763672,56,122,0
4.770000457763672,56,72,1
4.770000457763672,66,115,1
4.770000457763672,54,97,1
4.770000457763672,47,122,0
4.770000457763672,55,45,1
4.770000457763672,67,65,0
4.770000457763672,65,21,1
4.770000457763672,63,17,1
4.770000457763672,67,77,1
4.770000457763672,76,65,0
4.770000457763672,61,89,1
4.770000457763672,65,52,0
4.770000457763672,55,96,1
4.770000457763672,64,124,0
4.770000457763672,73,51,1
4.770000457763672,62,87,1
4.770000457763672,51,96,1
4.770000457763672,55,41,1
4.770000457763672,58,111,1
4.770000457763672,49,92,1
4.770000457763672,54,52,0
4.770000457763672,57,127,0
4.770000457763672,74,55,1
4.770000457763672,53,53,0
4.770000457763672,70,74,1
4.770000457763672,69,74,1
4.770000457763672,69,97,0
4.770000457763672,55,81,0
4.770000457763672,67,54,1
4.770000457763672,61,117,0
4.770000457763672,55,124,0
4.770000457763672,71,72,0
4.770000457763672,65,20,1
4.770000457763672,60,90,1
4.770000457763672,52,111,0
4.770000457763672,64,29,0
4.770000457763672,68,77,1
4.770000457763672,60,15,1
4.770000457763672,63,127,0
4.770000457763672,71,55,1
4.770000457763672,51,46,1
4.770000457763672,48,125,0
4.770000457763672,66,119,0
4.770000457763672,52,50,1
4.770000457763672,66,72,1
4.770000457763672,66,64,0
4.770000457763672,74,52,0
4.770000457763672,56,94,1
4.770000457763672,55,43,1
4.770000457763672,70,94,0
4.770000457763672,69,75,1
4.770000457763672,75,49,0
4.770000457763672,51,67,0
4.770000457763672,49,96,1
4.770000457763672,63,33,1
4.770000457763672,66,108,1
4.770000457763672,49,107,1
4.770000457763672,68,61,0
4.770000457763672,54,41,1
4.770000457763672,52,54,1
4.770000457763672,64,81,1
4.770000457763672,61,15,1
4.770000457763672,73,69,0
4.770000457763672,74,68,0
4.770000457763672,70,57,1
4.770000457763672,49,93,1
4.770000457763672,57,17,1
4.770000457763672,50,123,0
4.770000457763672,66,71,1
4.770000457763672,66,54,1
4.770000457763672,68,107,1
4.770000457763672,63,47,1
4.770000457763672,65,80,1
4.770000457763672,74,69,0
4.770000457763672,60,22,0
4.770000457763672,56,73,1
4.770000457763672,66,120,0
4.770000457763672,67,62,0
4.770000457763672,57,74,1
4.770000457763672,67,117,0
4.770000457763672,67,55,1
4.770000457763672,64,28,0
4.770000457763672,67,66,0
4.770000457763672,64,27,0
4.770000457763672,71,122,1
4.770000457763672,60,76,0
4.770000457763672,71,121,1
4.770000457763672,57,94,1
4.770000457763672,61,23,0
4.770000457763672,56,127,1
4.770000457763672,50,102,1
4.770000457763672,53,100,1
4.770000457763672,57,93,1
4.770000457763672,69,59,0
4.770000457763672,63,34,1
4.770000457763672,72,55,1
4.770000457763672,56,80,0
4.770000457763672,57,20,0
4.770000457763672,60,89,1
4.770000457763672,62,34,1
4.770000457763672,56,78,0
4.770000457763672,53,57,1
4.770000457763672,55,50,0
4.770000457763672,67,115,0
4.770000457763672,68,55,1
4.770000457763672,62,17,1
4.770000457763672,61,87,1
4.770000457763672,60,88,1
4.770000457763672,58,74,1
4.770000457763672,68,56,1
4.770000457763672,59,91,1
4.770000457763672,68,59,0
4.770000457763672,68,111,0
4.770000457763672,76,58,0
4.770000457763672,58,32,1
4.770000457763672,66,31,1
4.770000457763672,74,54,0
4.770000457763672,68,113,0
4.770000457763672,48,101,0
4.770000457763672,62,31,1
4.770000457763672,58,75,1
4.770000457763672,66,66,0
4.770000457763672,67,116,0
4.770000457763672,73,50,1
4.770000457763672,71,124,0
4.770000457763672,65,44,1
4.770000457763672,53,125,1
4.770000457763672,65,122,0
4.770000457763672,75,50,0
4.770000457763672,74,49,1
4.770000457763672,64,82,1
4.770000457763672,72,120,1
4.770000457763672,73,70,0
4.770000457763672,59,77,0
4.770000457763672,51,95,1
4.770000457763672,59,75,1
4.770000457763672,68,58,0
4.770000457763672,71,56,1
4.770000457763672,64,125,0
4.770000457763672,75,52,0
4.770000457763672,58,93,1
4.770000457763672,62,16,1
4.770000457763672,67,61,0
4.770000457763672,51,123,0
4.770000457763672,61,16,1
4.770000457763672,64,83,1
4.770000457763672,71,71,0
4.770000457763672,60,62,1
4.770000457763672,55,126,0
4.770000457763672,74,47,1
4.770000457763672,69,108,0
4.770000457763672,58,16,1
4.770000457763672,56,116,1
4.770000457763672,64,73,1
4.770000457763672,55,95,1
4.770000457763672,70,77,0
4.770000457763672,69,61,1
4.770000457763672,54,81,0
4.770000457763672,62,77,1
4.770000457763672,69,58,0
4.770000457763672,49,97,1
4.770000457763672,66,118,0
4.770000457763672,56,79,0
4.770000457763672,69,107,0
4.770000457763672,64,19,1
4.770000457763672,57,78,0
4.770000457763672,55,19,1
4.770000457763672,48,99,1
4.770000457763672,68,60,0
4.770000457763672,62,85,1
4.770000457763672,45,127,1
4.770000457763672,55,51,0
4.770000457763672,63,84,1
4.770000457763672,62,126,1
4.773333549499512,57,93,1
4.773333549499512,58,93,1
4.773333549499512,65,22,1
4.773333549499512,66,79,1
4.773333549499512,71,55,1
4.773333549499512,49,93,1
4.773333549499512,67,78,1
4.773333549499512,67,63,0
4.773333549499512,75,51,0
4.773333549499512,65,81,1
4.773333549499512,68,76,1
4.773333549499512,67,64,0
4.773333549499512,74,53,0
4.773333549499512,68,58,0
4.773333549499512,75,67,0
4.773333549499512,64,124,0
4.773333549499512,54,81,0
4.773333549499512,58,92,1
4.773333549499512,73,51,1
4.773333549499512,58,16,1
4.773333549499512,69,75,1
4.773333549499512,59,91,1
4.773333549499512,74,69,0
4.773333549499512,56,79,0
4.773333549499512,60,76,0
4.773333549499512,63,85,1
4.773333549499512,68,61,0
4.773333549499512,73,52,1
4.773333549499512,70,73,1
4.773333549499512,56,95,1
4.773333549499512,54,65,1
4.773333549499512,61,87,1
4.773333549499512,73,70,0
4.773333549499512,61,88,1
4.773333549499512,76,66,0
4.773333549499512,71,124,0
4.773333549499512,66,80,1
4.773333549499512,70,57,1
4.773333549499512,57,79,0
4.773333549499512,66,67,0
4.773333549499512,64,83,1
4.773333549499512,64,82,1
4.773333549499512,68,77,1
4.773333549499512,69,76,1
4.773333549499512,74,48,1
4.773333549499512,56,80,0
4.773333549499512,67,79,1
4.773333549499512,57,94,1
4.773333549499512,54,97,1
4.773333549499512,67,115,0
4.773333549499512,67,65,0
4.773333549499512,65,122,0
4.773333549499512,70,74,1
4.773333549499512,72,120,1
4.773333549499512,63,127,0
4.773333549499512,58,77,0
4.773333549499512,55,80,0
4.773333549499512,69,107,0
4.773333549499512,69,97,0
4.773333549499512,68,56,1
4.773333549499512,60,89,1
4.773333549499512,67,55,1
4.773333549499512,74,49,1
4.773333549499512,50,95,1
4.773333549499512,75,55,1
4.773333549499512,55,71,1
4.773333549499512,62,87,1
4.773333549499512,66,119,0
4.773333549499512,76,60,0
4.773333549499512,75,68,0
4.773333549499512,62,85,1
4.773333549499512,71,72,0
4.773333549499512,50,123,0
4.773333549499512,58,78,0
4.773333549499512,72,55,1
4.773333549499512,74,52,0
4.773333549499512,63,84,1
4.773333549499512,72,54,1
4.773333549499512,57,78,0
4.773333549499512,68,59,0
4.773333549499512,55,95,1
4.773333549499512,60,90,1
4.773333549499512,75,50,0
4.773333549499512,68,60,0
4.773333549499512,76,65,0
4.773333549499512,55,45,1
4.773333549499512,63,17,1
4.773333549499512,67,77,1
4.773333549499512,62,86,1
4.773333549499512,51,96,1
4.773333549499512,53,97,1
4.773333549499512,60,15,1
4.773333549499512,65,82,1
4.773333549499512,65,80,1
4.773333549499512,47,122,0
4.773333549499512,52,97,1
4.773333549499512,69,58,0
4.773333549499512,66,54,1
4.773333549499512,66,66,0
4.773333549499512,57,16,1
4.773333549499512,71,56,1
4.773333549499512,58,75,1
4.773333549499512,59,15,1
4.773333549499512,59,77,0
4.77666711807251,63,84,1
4.77666711807251,68,76,1
4.77666711807251,63,17,1
4.77666711807251,67,65,0
4.77666711807251,67,64,0
4.77666711807251,68,58,0
4.77666711807251,59,77,0
4.77666711807251,57,94,1
4.77666711807251,72,54,1
4.77666711807251,67,63,0
4.77666711807251,57,79,0
4.77666711807251,68,60,0
4.77666711807251,76,65,0
4.77666711807251,72,55,1
4.77666711807251,69,75,1
4.77666711807251,70,73,1
4.77666711807251,73,51,1
4.77666711807251,67,77,1
4.77666711807251,60,76,0
4.77666711807251,67,115,0
4.77666711807251,58,93,1
4.77666711807251,66,67,0
4.77666711807251,68,59,0
4.77666711807251,70,57,1
4.77666711807251,61,88,1
4.77666711807251,65,81,1
4.77666711807251,70,74,1
4.77666711807251,56,79,0
4.77666711807251,63,127,0
4.77666711807251,69,97,0
4.77666711807251,64,82,1
4.77666711807251,52,97,1
4.77666711807251,74,48,1
4.77666711807251,47,122,0
4.77666711807251,54,81,0
4.77666711807251,58,92,1
4.77666711807251,69,76,1
4.77666711807251,75,50,0
4.77666711807251,59,91,1
4.77666711807251,66,79,1
4.77666711807251,57,78,0
4.77666711807251,56,95,1
4.77666711807251,68,61,0
4.77666711807251,67,78,1
4.77666711807251,58,78,0
4.77666711807251,62,87,1
4.77666711807251,64,83,1
4.77666711807251,51,96,1
4.77666711807251,55,80,0
4.77666711807251,66,80,1
4.77666711807251,66,66,0
4.77666711807251,64,124,0
4.77666711807251,74,53,0
4.77666711807251,63,85,1
4.77666711807251,73,70,0
4.77666711807251,75,55,1
4.77666711807251,68,77,1
4.77666711807251,62,86,1
4.77666711807251,60,90,1
4.77666711807251,75,67,0
4.77666711807251,56,80,0
4.78000020980835,67,78,1
4.78000020980835,64,83,1
4.78000020980835,66,79,1
4.78000020980835,66,67,0
4.78000020980835,58,78,0
4.78000020980835,69,97,0
4.78000020980835,68,61,0
4.78000020980835,56,79,0
4.78000020980835,63,127,0
4.78000020980835,57,94,1
4.78000020980835,57,79,0
4.78000020980835,54,81,0
4.78000020980835,66,80,1
4.78000020980835,59,77,0
4.78000020980835,55,80,0
4.78000020980835,68,60,0
4.78000020980835,68,59,0
4.78000020980835,59,91,1
4.78000020980835,63,84,1
4.78000020980835,61,88,1
4.78000020980835,56,95,1
4.78000020980835,69,75,1
4.78000020980835,69,76,1
4.78000020980835,67,64,0
4.78000020980835,65,81,1
4.78000020980835,62,86,1
4.78000020980835,70,74,1
4.78000020980835,66,66,0
4.78000020980835,67,63,0
4.78000020980835,60,90,1
4.78000020980835,63,85,1
4.78000020980835,57,78,0
4.78000020980835,68,77,1
4.783333778381348,66,66,0
4.783333778381348,69,76,1
4.783333778381348,63,85,1
4.783333778381348,61,88,1
4.783333778381348,55,80,0
4.783333778381348,66,80,1
4.783333778381348,68,59,0
4.783333778381348,67,78,1
4.783333778381348,68,77,1
4.783333778381348,54,81,0
4.783333778381348,65,81,1
4.783333778381348,59,77,0
4.783333778381348,66,67,0
4.783333778381348,70,74,1
4.783333778381348,67,63,0
4.783333778381348,63,127,0
4.783333778381348,60,90,1
4.783333778381348,64,83,1
4.783333778381348,67,64,0
4.783333778381348,68,60,0
4.786666870117188,55,80,0
4.786666870117188,68,60,0
4.786666870117188,69,76,1
4.786666870117188,67,64,0
4.786666870117188,60,90,1
4.786666870117188,67,63,0
4.786666870117188,61,88,1
4.786666870117188,64,83,1
4.786666870117188,66,67,0
4.786666870117188,68,59,0
4.786666870117188,67,78,1
4.786666870117188,66,80,1
4.786666870117188,70,74,1
4.786666870117188,63,85,1
4.786666870117188,68,77,1
4.786666870117188,63,127,0
4.786666870117188,66,66,0
4.7900004386901855,68,60,0
4.7900004386901855,66,80,1
4.7900004386901855,67,78,1
4.7900004386901855,68,77,1
4.7900004386901855,68,59,0
4.7900004386901855,66,67,0
4.7900004386901855,70,74,1
4.7900004386901855,63,85,1
4.7900004386901855,55,80,0
4.7900004386901855,64,83,1
4.7900004386901855,69,76,1
4.7900004386901855,66,66,0
4.7900004386901855,67,63,0
4.793333530426025,63,85,1
4.793333530426025,67,78,1
4.793333530426025,66,80,1
4.793333530426025,69,76,1
4.793333530426025,68,60,0
4.793333530426025,64,83,1
4.796667098999023,68,60,0
4.800000190734863,68,60,0
4.803333759307861,48,121,1
4.803333759307861,69,63,1
4.803333759307861,70,57,1
4.803333759307861,64,117,0
4.803333759307861,60,89,1
4.803333759307861,65,123,0
4.803333759307861,54,81,0
4.803333759307861,59,123,0
4.803333759307861,61,89,1
4.803333759307861,48,110,1
4.803333759307861,50,103,0
4.803333759307861,70,74,1
4.803333759307861,65,81,1
4.803333759307861,76,66,0
4.803333759307861,76,51,0
4.803333759307861,57,94,1
4.803333759307861,69,95,0
4.803333759307861,61,87,1
4.803333759307861,74,49,1
4.803333759307861,68,60,0
4.803333759307861,50,125,0
4.803333759307861,64,95,0
4.803333759307861,74,51,1
4.803333759307861,70,124,1
4.803333759307861,75,57,0
4.803333759307861,60,117,0
4.803333759307861,70,98,1
4.803333759307861,70,75,1
4.803333759307861,53,77,1
4.803333759307861,61,16,1
4.803333759307861,72,55,1
4.803333759307861,52,123,0
4.803333759307861,67,78,1
4.803333759307861,76,58,0
4.803333759307861,67,115,0
4.803333759307861,76,57,0
4.803333759307861,75,64,0
4.803333759307861,60,76,0
4.803333759307861,62,86,1
4.803333759307861,57,79,0
4.803333759307861,75,69,0
4.803333759307861,62,87,1
4.803333759307861,58,90,1
4.803333759307861,66,56,1
4.803333759307861,66,68,0
4.803333759307861,53,80,1
4.803333759307861,69,76,1
4.803333759307861,66,79,1
4.803333759307861,63,86,1
4.803333759307861,66,57,1
4.803333759307861,75,56,1
4.803333759307861,70,82,0
4.803333759307861,68,59,0
4.803333759307861,63,84,1
4.803333759307861,60,23,0
4.803333759307861,66,81,1
4.803333759307861,56,80,0
4.803333759307861,66,60,1
4.803333759307861,55,52,0
4.803333759307861,69,59,0
4.803333759307861,75,48,1
4.803333759307861,75,51,0
4.803333759307861,64,84,1
4.803333759307861,47,124,1
4.803333759307861,49,66,1
4.803333759307861,50,59,1
4.803333759307861,70,79,0
4.803333759307861,71,122,1
4.803333759307861,58,77,0
4.803333759307861,60,77,0
4.803333759307861,73,53,1
4.803333759307861,60,90,1
4.803333759307861,61,20,1
4.803333759307861,52,46,1
4.803333759307861,65,82,1
4.803333759307861,50,61,1
4.803333759307861,68,96,0
4.803333759307861,67,67,0
4.803333759307861,75,68,0
4.803333759307861,48,119,1
4.803333759307861,70,80,0
4.803333759307861,70,123,1
4.803333759307861,70,58,1
4.803333759307861,59,75,1
4.803333759307861,67,64,0
4.803333759307861,75,49,1
4.803333759307861,54,82,0
4.803333759307861,68,111,0
4.803333759307861,69,86,1
4.803333759307861,68,78,1
4.803333759307861,66,95,1
4.803333759307861,68,64,0
4.803333759307861,73,71,0
4.803333759307861,57,123,0
4.803333759307861,64,82,1
4.803333759307861,56,95,1
4.803333759307861,59,78,0
4.803333759307861,67,65,0
4.803333759307861,54,65,0
4.803333759307861,67,66,0
4.803333759307861,54,59,0
4.803333759307861,55,19,1
4.803333759307861,68,62,0
4.803333759307861,58,79,0
4.803333759307861,55,81,0
4.803333759307861,68,63,0
4.803333759307861,68,77,1
4.803333759307861,48,111,1
4.803333759307861,66,61,1
4.803333759307861,67,114,0
4.803333759307861,70,73,1
4.803333759307861,61,54,1
4.803333759307861,59,91,1
4.803333759307861,51,123,0
4.803333759307861,74,70,0
4.803333759307861,61,88,1
4.803333759307861,74,69,0
4.803333759307861,65,122,0
4.803333759307861,71,57,1
4.803333759307861,58,93,1
4.803333759307861,59,92,1
4.803333759307861,58,100,0
4.803333759307861,68,110,0
4.803333759307861,72,71,0
4.803333759307861,73,55,1
4.803333759307861,74,54,0
4.803333759307861,65,70,0
4.803333759307861,76,59,0
4.803333759307861,48,124,1
4.803333759307861,64,18,1
4.803333759307861,75,66,0
4.803333759307861,68,61,0
4.803333759307861,57,78,0
4.803333759307861,66,67,0
4.803333759307861,75,53,0
4.803333759307861,59,16,1
4.803333759307861,66,119,0
4.803333759307861,71,73,0
4.803333759307861,69,77,1
4.803333759307861,48,107,1
4.803333759307861,50,60,1
4.803333759307861,68,75,1
4.803333759307861,63,79,1
4.803333759307861,63,127,0
4.803333759307861,77,65,0
4.803333759307861,73,52,1
4.803333759307861,77,64,0
4.803333759307861,59,76,0
4.803333759307861,64,122,0
4.803333759307861,74,50,1
4.803333759307861,51,47,1
4.803333759307861,75,52,0
4.803333759307861,59,77,0
4.803333759307861,72,56,1
4.803333759307861,73,54,1
4.803333759307861,53,98,1
4.803333759307861,63,85,1
4.803333759307861,58,78,0
4.803333759307861,55,96,1
4.803333759307861,76,61,0
4.803333759307861,76,50,0
4.803333759307861,64,71,0
4.803333759307861,72,72,0
4.803333759307861,58,23,0
4.803333759307861,69,97,0
4.803333759307861,66,80,1
4.803333759307861,69,65,1
4.803333759307861,54,75,1
4.803333759307861,76,67,0
4.803333759307861,51,54,1
4.803333759307861,76,62,0
4.803333759307861,61,15,1
4.803333759307861,64,83,1
4.803333759307861,67,79,1
4.803333759307861,61,76,0
4.803333759307861,71,56,1
4.803333759307861,69,60,0
4.803333759307861,71,72,0
4.806666851043701,65,82,1
4.806666851043701,59,76,0
4.806666851043701,69,59,0
4.806666851043701,64,83,1
4.806666851043701,74,50,1
4.806666851043701,57,79,0
4.806666851043701,75,49,1
4.806666851043701,66,68,0
4.806666851043701,56,95,1
4.806666851043701,68,60,0
4.806666851043701,70,58,1
4.806666851043701,60,77,0
4.806666851043701,67,79,1
4.806666851043701,60,76,0
4.806666851043701,74,70,0
4.806666851043701,58,78,0
4.806666851043701,63,85,1
4.806666851043701,73,71,0
4.806666851043701,69,60,0
4.806666851043701,68,63,0
4.806666851043701,70,74,1
4.806666851043701,63,127,0
4.806666851043701,67,66,0
4.806666851043701,59,78,0
4.806666851043701,59,77,0
4.806666851043701,76,66,0
4.806666851043701,75,53,0
4.806666851043701,62,87,1
4.806666851043701,69,95,0
4.806666851043701,55,81,0
4.806666851043701,64,84,1
4.806666851043701,66,81,1
4.806666851043701,73,54,1
4.806666851043701,61,89,1
4.806666851043701,55,96,1
4.806666851043701,67,65,0
4.806666851043701,61,88,1
4.806666851043701,68,61,0
4.806666851043701,69,77,1
4.806666851043701,72,56,1
4.806666851043701,62,86,1
4.806666851043701,76,58,0
4.806666851043701,73,52,1
4.806666851043701,76,67,0
4.806666851043701,70,75,1
4.806666851043701,66,67,0
4.806666851043701,71,56,1
4.806666851043701,68,77,1
4.806666851043701,75,56,1
4.806666851043701,73,53,1
4.806666851043701,54,65,0
4.806666851043701,68,62,0
4.806666851043701,58,93,1
4.806666851043701,71,57,1
4.806666851043701,65,81,1
4.806666851043701,75,69,0
4.806666851043701,72,72,0
4.806666851043701,60,90,1
4.806666851043701,67,78,1
4.806666851043701,69,76,1
4.806666851043701,63,84,1
4.806666851043701,56,80,0
4.806666851043701,66,80,1
4.806666851043701,59,92,1
4.806666851043701,54,81,0
4.806666851043701,75,52,0
4.806666851043701,57,94,1
4.806666851043701,68,78,1
4.810000419616699,73,53,1
4.810000419616699,66,67,0
4.810000419616699,70,75,1
4.810000419616699,67,78,1
4.810000419616699,74,50,1
4.810000419616699,60,90,1
4.810000419616699,57,79,0
4.810000419616699,62,87,1
4.810000419616699,69,76,1
4.810000419616699,73,54,1
4.810000419616699,66,80,1
4.810000419616699,56,95,1
4.810000419616699,68,61,0
4.810000419616699,58,93,1
4.810000419616699,69,77,1
4.810000419616699,71,57,1
4.810000419616699,67,66,0
4.810000419616699,72,56,1
4.810000419616699,66,81,1
4.810000419616699,70,74,1
4.810000419616699,63,85,1
4.810000419616699,68,62,0
4.810000419616699,65,82,1
4.810000419616699,68,63,0
4.810000419616699,59,77,0
4.810000419616699,64,84,1
4.810000419616699,67,79,1
4.810000419616699,68,77,1
4.810000419616699,69,95,0
4.810000419616699,61,88,1
4.810000419616699,56,80,0
4.810000419616699,61,89,1
4.810000419616699,57,94,1
4.810000419616699,68,78,1
4.810000419616699,58,78,0
4.810000419616699,67,65,0
4.810000419616699,66,68,0
4.810000419616699,54,81,0
4.810000419616699,75,56,1
4.813333511352539,54,81,0
4.813333511352539,68,77,1
4.813333511352539,68,78,1
4.813333511352539,69,77,1
4.813333511352539,71,57,1
4.813333511352539,66,80,1
4.813333511352539,59,77,0
4.813333511352539,67,65,0
4.813333511352539,63,85,1
4.813333511352539,57,79,0
4.813333511352539,68,63,0
4.813333511352539,68,61,0
4.813333511352539,56,80,0
4.813333511352539,56,95,1
4.813333511352539,60,90,1
4.813333511352539,58,93,1
4.813333511352539,69,76,1
4.813333511352539,70,75,1
4.813333511352539,57,94,1
4.813333511352539,61,89,1
4.813333511352539,67,79,1
4.813333511352539,62,87,1
4.813333511352539,67,66,0
4.813333511352539,66,67,0
4.813333511352539,66,81,1
4.813333511352539,58,78,0
4.813333511352539,65,82,1
4.813333511352539,68,62,0
4.813333511352539,64,84,1
4.813333511352539,66,68,0
4.816667079925537,59,77,0
4.816667079925537,67,65,0
4.816667079925537,67,66,0
4.816667079925537,67,79,1
4.816667079925537,66,81,1
4.816667079925537,70,75,1
4.816667079925537,68,62,0
4.816667079925537,69,77,1
4.816667079925537,64,84,1
4.816667079925537,68,78,1
4.816667079925537,57,94,1
4.816667079925537,56,80,0
4.816667079925537,62,87,1
4.816667079925537,58,78,0
4.816667079925537,66,68,0
4.816667079925537,68,61,0
4.816667079925537,61,89,1
4.816667079925537,65,82,1
4.820000171661377,65,82,1
4.820000171661377,68,61,0
4.820000171661377,59,77,0
4.820000171661377,67,79,1
4.820000171661377,70,75,1
4.820000171661377,67,66,0
4.820000171661377,68,62,0
4.820000171661377,62,87,1
4.820000171661377,64,84,1
4.820000171661377,67,65,0
4.820000171661377,66,68,0
4.823333740234375,67,79,1
4.823333740234375,68,62,0
4.823333740234375,59,77,0
4.823333740234375,70,75,1
4.823333740234375,64,84,1
4.823333740234375,67,65,0
4.823333740234375,62,87,1
4.826666831970215,64,84,1
4.826666831970215,68,62,0
4.830000400543213,68,62,0
4.833333492279053,68,62,0
4.837500095367432,69,94,0
4.837500095367432,77,65,0
4.837500095367432,75,50,1
4.837500095367432,74,71,0
4.837500095367432,69,62,0
4.837500095367432,58,76,0
4.837500095367432,61,116,1
4.837500095367432,53,78,1
4.837500095367432,75,58,0
4.837500095367432,66,63,1
4.837500095367432,54,60,0
4.837500095367432,73,72,0
4.837500095367432,54,81,0
4.837500095367432,72,56,1
4.837500095367432,66,81,1
4.837500095367432,66,64,1
4.837500095367432,66,80,1
4.837500095367432,66,62,1
4.837500095367432,66,61,1
4.837500095367432,73,56,1
4.837500095367432,58,78,0
4.837500095367432,67,67,0
4.837500095367432,54,65,0
4.837500095367432,66,69,0
4.837500095367432,61,122,0
4.837500095367432,76,60,0
4.837500095367432,72,72,0
4.837500095367432,75,68,0
4.837500095367432,61,89,1
4.837500095367432,67,68,0
4.837500095367432,75,56,0
4.837500095367432,77,67,0
4.837500095367432,62,86,1
4.837500095367432,65,83,1
4.837500095367432,52,71,1
4.837500095367432,65,108,1
4.837500095367432,65,121,0
4.837500095367432,69,78,1
4.837500095367432,63,86,1
4.837500095367432,72,58,0
4.837500095367432,76,67,0
4.837500095367432,54,23,1
4.837500095367432,69,96,0
4.837500095367432,70,80,0
4.837500095367432,76,59,0
4.837500095367432,70,75,1
4.837500095367432,58,117,1
4.837500095367432,76,50,0
4.837500095367432,68,63,0
4.837500095367432,59,65,1
4.837500095367432,60,77,0
4.837500095367432,76,51,0
4.837500095367432,69,79,0
4.837500095367432,69,59,0
4.837500095367432,73,71,0
4.837500095367432,67,80,1
4.837500095367432,64,95,1
4.837500095367432,59,78,0
4.837500095367432,63,123,1
4.837500095367432,54,80,0
4.837500095367432,66,68,0
4.837500095367432,56,95,1
4.837500095367432,54,119,0
4.837500095367432,57,79,0
4.837500095367432,65,82,1
4.837500095367432,69,95,0
4.837500095367432,68,78,1
4.837500095367432,67,66,0
4.837500095367432,55,48,0
4.837500095367432,53,77,1
4.837500095367432,57,94,1
4.837500095367432,77,66,0
4.837500095367432,55,50,0
4.837500095367432,71,73,0
4.837500095367432,72,73,0
4.837500095367432,71,58,1
4.837500095367432,63,85,1
4.837500095367432,68,65,0
4.837500095367432,75,55,0
4.837500095367432,74,70,0
4.837500095367432,73,54,1
4.837500095367432,66,119,0
4.837500095367432,76,68,0
4.837500095367432,52,72,1
4.837500095367432,65,70,0
4.837500095367432,61,92,0
4.837500095367432,50,50,1
4.837500095367432,58,79,0
4.837500095367432,75,52,0
4.837500095367432,55,80,0
4.837500095367432,58,92,1
4.837500095367432,61,76,0
4.837500095367432,73,55,1
4.837500095367432,69,60,0
4.837500095367432,66,58,1
4.837500095367432,58,93,1
4.837500095367432,74,51,1
4.837500095367432,66,60,1
4.837500095367432,51,67,1
4.837500095367432,60,76,0
4.837500095367432,61,123,0
4.837500095367432,70,60,1
4.837500095367432,69,77,1
4.837500095367432,65,71,0
4.837500095367432,57,80,0
4.837500095367432,70,81,0
4.837500095367432,75,57,1
4.837500095367432,56,80,0
4.837500095367432,65,48,0
4.837500095367432,69,61,0
4.837500095367432,70,79,0
4.837500095367432,63,106,1
4.837500095367432,65,80,1
4.837500095367432,68,64,0
4.837500095367432,65,69,0
4.837500095367432,70,76,1
4.837500095367432,71,77,0
4.837500095367432,65,55,1
4.837500095367432,72,57,1
4.837500095367432,47,118,1
4.837500095367432,59,91,1
4.837500095367432,65,81,1
4.837500095367432,70,100,0
4.837500095367432,59,77,0
4.837500095367432,47,122,1
4.837500095367432,71,57,1
4.837500095367432,58,83,1
4.837500095367432,55,71,0
4.837500095367432,74,55,0
4.837500095367432,52,73,1
4.837500095367432,76,52,0
4.837500095367432,74,52,1
4.837500095367432,57,21,0
4.837500095367432,69,76,1
4.837500095367432,77,62,0
4.837500095367432,55,81,0
4.837500095367432,64,83,1
4.837500095367432,74,53,1
4.837500095367432,50,95,0
4.837500095367432,52,44,1
4.837500095367432,75,54,0
4.837500095367432,59,92,1
4.837500095367432,62,88,1
4.837500095367432,67,79,1
4.837500095367432,69,80,0
4.837500095367432,56,106,1
4.837500095367432,60,90,1
4.837500095367432,64,84,1
4.837500095367432,62,87,1
4.837500095367432,75,69,0
4.837500095367432,75,49,1
4.837500095367432,70,59,1
4.837500095367432,70,92,0
4.8416666984558105,73,72,0
4.8416666984558105,64,84,1
4.8416666984558105,67,66,0
4.8416666984558105,57,79,0
4.8416666984558105,68,63,0
4.8416666984558105,74,52,1
4.8416666984558105,73,56,1
4.8416666984558105,76,68,0
4.8416666984558105,52,72,1
4.8416666984558105,67,67,0
4.8416666984558105,74,51,1
4.8416666984558105,77,65,0
4.8416666984558105,67,80,1
4.8416666984558105,75,54,0
4.8416666984558105,69,77,1
4.8416666984558105,75,55,0
4.8416666984558105,59,92,1
4.8416666984558105,69,59,0
4.8416666984558105,74,71,0
4.8416666984558105,70,76,1
4.8416666984558105,67,79,1
4.8416666984558105,75,50,1
4.8416666984558105,70,59,1
4.8416666984558105,65,82,1
4.8416666984558105,66,69,0
4.8416666984558105,69,60,0
4.8416666984558105,68,65,0
4.8416666984558105,76,52,0
4.8416666984558105,71,58,1
4.8416666984558105,51,67,1
4.8416666984558105,69,61,0
4.8416666984558105,68,64,0
4.8416666984558105,72,57,1
4.8416666984558105,59,78,0
4.8416666984558105,73,55,1
4.8416666984558105,66,68,0
4.8416666984558105,66,81,1
4.8416666984558105,59,77,0
4.8416666984558105,61,89,1
4.8416666984558105,65,83,1
4.8416666984558105,58,78,0
4.8416666984558105,68,78,1
4.8416666984558105,65,71,0
4.8416666984558105,63,86,1
4.8416666984558105,60,77,0
4.8416666984558105,62,87,1
4.8416666984558105,70,75,1
4.8416666984558105,77,66,0
4.8416666984558105,76,51,0
4.8458333015441895,65,83,1
4.8458333015441895,76,68,0
4.8458333015441895,63,86,1
4.8458333015441895,67,79,1
4.8458333015441895,68,78,1
4.8458333015441895,70,76,1
4.8458333015441895,69,60,0
4.8458333015441895,71,58,1
4.8458333015441895,73,56,1
4.8458333015441895,67,67,0
4.8458333015441895,60,77,0
4.8458333015441895,65,71,0
4.8458333015441895,66,81,1
4.8458333015441895,52,72,1
4.8458333015441895,68,64,0
4.8458333015441895,57,79,0
4.8458333015441895,75,55,0
4.8458333015441895,68,63,0
4.8458333015441895,58,78,0
4.8458333015441895,61,89,1
4.8458333015441895,66,68,0
4.8458333015441895,67,80,1
4.8458333015441895,67,66,0
4.8458333015441895,59,92,1
4.8458333015441895,69,77,1
4.8458333015441895,69,61,0
4.849999904632568,70,76,1
4.849999904632568,66,68,0
4.849999904632568,68,78,1
4.849999904632568,63,86,1
4.849999904632568,68,64,0
4.849999904632568,59,92,1
4.849999904632568,67,80,1
4.849999904632568,68,63,0
4.849999904632568,66,81,1
4.849999904632568,67,67,0
4.849999904632568,57,79,0
4.849999904632568,65,83,1
4.849999904632568,67,66,0
4.8541669845581055,67,80,1
4.8541669845581055,63,86,1
4.8541669845581055,67,66,0
4.8541669845581055,67,67,0
4.8541669845581055,68,63,0
4.858333587646484,63,86,1
4.858333587646484,67,80,1
4.858333587646484,68,63,0
4.862500190734863,63,86,1
4.862500190734863,67,80,1
4.862500190734863,68,63,0
4.866666793823242,63,86,1
4.866666793823242,68,63,0
4.871428489685059,55,95,1
4.871428489685059,63,85,1
4.871428489685059,65,71,0
4.871428489685059,69,66,1
4.871428489685059,62,87,1
4.871428489685059,48,120,1
4.871428489685059,75,55,0
4.871428489685059,57,127,1
4.871428489685059,58,79,0
4.871428489685059,68,65,0
4.871428489685059,73,73,0
4.871428489685059,71,59,1
4.871428489685059,63,116,1
4.871428489685059,71,58,1
4.871428489685059,65,82,1
4.871428489685059,69,60,0
4.871428489685059,65,72,0
4.871428489685059,57,94,1
4.871428489685059,69,80,0
4.871428489685059,60,77,0
4.871428489685059,75,52,1
4.871428489685059,60,89,1
4.871428489685059,53,79,1
4.871428489685059,77,67,0
4.871428489685059,60,90,1
4.871428489685059,50,64,1
4.871428489685059,69,78,1
4.871428489685059,61,77,0
4.871428489685059,64,84,1
4.871428489685059,70,60,1
4.871428489685059,68,64,0
4.871428489685059,67,68,0
4.871428489685059,63,127,1
4.871428489685059,64,85,1
4.871428489685059,76,50,1
4.871428489685059,54,82,0
4.871428489685059,68,79,1
4.871428489685059,64,73,0
4.871428489685059,67,67,0
4.871428489685059,58,75,0
4.871428489685059,56,94,1
4.871428489685059,60,91,1
4.871428489685059,53,124,1
4.871428489685059,51,67,1
4.871428489685059,69,63,0
4.871428489685059,59,78,0
4.871428489685059,75,50,1
4.871428489685059,75,71,0
4.871428489685059,72,57,1
4.871428489685059,74,72,0
4.871428489685059,66,72,1
4.871428489685059,73,57,1
4.871428489685059,66,78,1
4.871428489685059,76,57,1
4.871428489685059,70,77,1
4.871428489685059,50,95,1
4.871428489685059,72,59,0
4.871428489685059,56,81,0
4.871428489685059,76,53,0
4.871428489685059,69,61,0
4.871428489685059,75,70,0
4.871428489685059,58,93,1
4.871428489685059,62,88,1
4.871428489685059,75,56,0
4.871428489685059,61,88,1
4.871428489685059,56,80,0
4.871428489685059,68,78,1
4.871428489685059,61,89,1
4.871428489685059,61,90,1
4.871428489685059,55,119,1
4.871428489685059,76,69,0
4.871428489685059,67,80,1
4.871428489685059,65,83,1
4.871428489685059,75,69,0
4.871428489685059,75,51,1
4.871428489685059,74,53,1
4.871428489685059,66,81,1
4.871428489685059,57,79,0
4.871428489685059,70,76,1
4.871428489685059,70,78,0
4.871428489685059,74,54,1
4.871428489685059,74,71,0
4.871428489685059,73,56,1
4.871428489685059,67,66,0
4.871428489685059,74,55,1
4.871428489685059,69,62,0
4.871428489685059,61,76,0
4.871428489685059,75,62,0
4.871428489685059,72,58,1
4.871428489685059,56,95,1
4.871428489685059,75,53,0
4.871428489685059,59,92,1
4.871428489685059,69,77,1
4.871428489685059,76,52,0
4.871428489685059,55,126,1
4.871428489685059,68,68,1
4.871428489685059,73,72,0
4.871428489685059,56,127,0
4.871428489685059,66,69,0
4.871428489685059,67,79,1
4.871428489685059,68,66,0
4.871428489685059,74,52,1
4.871428489685059,55,81,0
4.871428489685059,59,104,0
4.871428489685059,64,118,1
4.871428489685059,66,82,1
4.871428489685059,63,86,1
4.871428489685059,57,80,0
4.871428489685059,77,68,0
4.871428489685059,77,59,0
4.871428489685059,73,55,1
4.871428489685059,77,66,0
4.871428489685059,76,54,0
4.871428489685059,54,65,0
4.871428489685059,70,75,1
4.871428489685059,64,23,0
4.871428489685059,72,73,0
4.871428489685059,67,55,0
4.871428489685059,55,127,0
4.871428489685059,77,63,0
4.871428489685059,55,45,0
4.876190185546875,67,68,0
4.876190185546875,58,79,0
4.876190185546875,72,57,1
4.876190185546875,67,80,1
4.876190185546875,65,83,1
4.876190185546875,70,76,1
4.876190185546875,68,65,0
4.876190185546875,74,53,1
4.876190185546875,60,91,1
4.876190185546875,67,67,0
4.876190185546875,73,57,1
4.876190185546875,69,62,0
4.876190185546875,60,77,0
4.876190185546875,69,63,0
4.876190185546875,65,71,0
4.876190185546875,68,64,0
4.876190185546875,59,92,1
4.876190185546875,62,88,1
4.876190185546875,71,58,1
4.876190185546875,69,78,1
4.876190185546875,73,56,1
4.876190185546875,74,55,1
4.876190185546875,69,60,0
4.876190185546875,75,51,1
4.876190185546875,56,95,1
4.876190185546875,68,66,0
4.876190185546875,76,57,1
4.876190185546875,69,61,0
4.876190185546875,61,76,0
4.876190185546875,59,78,0
4.876190185546875,63,86,1
4.876190185546875,64,84,1
4.876190185546875,70,77,1
4.876190185546875,72,73,0
4.876190185546875,75,56,0
4.876190185546875,64,85,1
4.876190185546875,75,70,0
4.876190185546875,65,72,0
4.876190185546875,56,80,0
4.876190185546875,74,54,1
4.876190185546875,66,81,1
4.876190185546875,68,79,1
4.876190185546875,66,69,0
4.876190185546875,66,82,1
4.876190185546875,76,53,0
4.876190185546875,68,78,1
4.876190185546875,75,50,1
4.876190185546875,76,69,0
4.88095235824585,69,61,0
4.88095235824585,65,83,1
4.88095235824585,62,88,1
4.88095235824585,65,71,0
4.88095235824585,66,69,0
4.88095235824585,59,78,0
4.88095235824585,67,67,0
4.88095235824585,69,62,0
4.88095235824585,66,82,1
4.88095235824585,68,65,0
4.88095235824585,69,78,1
4.88095235824585,68,79,1
4.88095235824585,63,86,1
4.88095235824585,70,76,1
4.88095235824585,59,92,1
4.88095235824585,64,85,1
4.88095235824585,56,80,0
4.88095235824585,70,77,1
4.88095235824585,60,77,0
4.88095235824585,67,80,1
4.88095235824585,68,64,0
4.885714530944824,68,79,1
4.885714530944824,62,88,1
4.885714530944824,70,77,1
4.885714530944824,69,78,1
4.885714530944824,68,64,0
4.885714530944824,67,80,1
4.885714530944824,65,83,1
4.885714530944824,69,61,0
4.885714530944824,63,86,1
4.885714530944824,56,80,0
4.885714530944824,67,67,0
4.885714530944824,68,65,0
4.885714530944824,66,69,0
4.890476226806641,69,61,0
4.890476226806641,56,80,0
4.890476226806641,67,67,0
4.890476226806641,68,79,1
4.890476226806641,68,65,0
4.890476226806641,66,69,0
4.890476226806641,70,77,1
4.890476226806641,69,78,1
4.890476226806641,68,64,0
4.895237922668457,66,69,0
4.895237922668457,69,61,0
4.900000095367432,69,61,0
4.900000095367432,66,69,0
4.905555725097656,75,53,1
4.905555725097656,60,82,1
4.905555725097656,76,55,0
4.905555725097656,65,82,1
4.905555725097656,62,90,0
4.905555725097656,51,123,1
4.905555725097656,55,96,0
4.905555725097656,64,73,0
4.905555725097656,53,77,1
4.905555725097656,64,78,1
4.905555725097656,54,127,1
4.905555725097656,76,50,1
4.905555725097656,71,122,0
4.905555725097656,64,103,0
4.905555725097656,57,80,0
4.905555725097656,65,84,1
4.905555725097656,50,101,0
4.905555725097656,62,99,0
4.905555725097656,74,56,1
4.905555725097656,77,60,0
4.905555725097656,69,61,0
4.905555725097656,65,121,1
4.905555725097656,61,90,1
4.905555725097656,63,86,1
4.905555725097656,70,77,1
4.905555725097656,70,76,1
4.905555725097656,62,79,1
4.905555725097656,74,54,1
4.905555725097656,77,64,0
4.905555725097656,73,57,1
4.905555725097656,68,67,0
4.905555725097656,69,62,0
4.905555725097656,63,81,1
4.905555725097656,61,76,0
4.905555725097656,76,51,1
4.905555725097656,53,107,1
4.905555725097656,62,76,0
4.905555725097656,61,106,0
4.905555725097656,62,103,0
4.905555725097656,69,95,1
4.905555725097656,62,126,0
4.905555725097656,60,46,1
4.905555725097656,64,85,1
4.905555725097656,59,101,0
4.905555725097656,72,74,0
4.905555725097656,64,84,1
4.905555725097656,75,51,1
4.905555725097656,63,127,1
4.905555725097656,67,114,1
4.905555725097656,70,59,1
4.905555725097656,60,77,0
4.905555725097656,73,73,0
4.905555725097656,71,124,1
4.905555725097656,65,122,1
4.905555725097656,51,98,0
4.905555725097656,74,58,0
4.905555725097656,76,59,0
4.905555725097656,76,69,0
4.905555725097656,50,62,1
4.905555725097656,68,66,0
4.905555725097656,61,77,0
4.905555725097656,69,97,1
4.905555725097656,73,56,1
4.905555725097656,66,74,1
4.905555725097656,63,85,1
4.905555725097656,58,102,0
4.905555725097656,69,92,0
4.905555725097656,71,59,1
4.905555725097656,58,79,0
4.905555725097656,72,58,1
4.905555725097656,67,69,0
4.905555725097656,70,60,1
4.905555725097656,66,81,1
4.905555725097656,66,82,1
4.905555725097656,69,64,0
4.905555725097656,56,123,0
4.905555725097656,77,68,0
4.905555725097656,56,95,0
4.905555725097656,69,79,1
4.905555725097656,62,88,1
4.905555725097656,67,115,1
4.905555725097656,67,80,1
4.905555725097656,62,87,1
4.905555725097656,65,83,1
4.905555725097656,73,58,1
4.905555725097656,62,57,1
4.905555725097656,69,78,1
4.905555725097656,77,61,0
4.905555725097656,68,107,0
4.905555725097656,70,61,1
4.905555725097656,51,125,0
4.905555725097656,76,70,0
4.905555725097656,66,119,1
4.905555725097656,49,115,0
4.905555725097656,70,91,0
4.905555725097656,74,55,1
4.905555725097656,55,81,0
4.905555725097656,66,70,0
4.905555725097656,68,79,1
4.905555725097656,76,53,0
4.905555725097656,64,83,1
4.905555725097656,65,72,0
4.905555725097656,66,56,1
4.905555725097656,60,91,1
4.905555725097656,68,65,0
4.905555725097656,75,52,1
4.905555725097656,59,78,0
4.905555725097656,67,68,0
4.905555725097656,74,72,0
4.905555725097656,67,81,1
4.905555725097656,76,52,0
4.905555725097656,62,125,0
4.905555725097656,64,124,1
4.905555725097656,54,50,1
4.905555725097656,77,52,0
4.905555725097656,63,64,1
4.905555725097656,77,63,0
4.905555725097656,47,122,1
4.905555725097656,76,54,0
4.905555725097656,66,69,0
4.905555725097656,69,63,0
4.905555725097656,76,58,1
4.905555725097656,51,54,0
4.905555725097656,75,71,0
4.905555725097656,61,89,1
4.905555725097656,77,67,0
4.905555725097656,58,93,1
4.911111354827881,65,122,1
4.911111354827881,66,82,1
4.911111354827881,68,66,0
4.911111354827881,65,72,0
4.911111354827881,66,119,1
4.911111354827881,74,54,1
4.911111354827881,69,61,0
4.911111354827881,66,69,0
4.911111354827881,68,65,0
4.911111354827881,67,80,1
4.911111354827881,69,62,0
4.911111354827881,74,56,1
4.911111354827881,74,55,1
4.911111354827881,64,85,1
4.911111354827881,67,81,1
4.911111354827881,68,67,0
4.911111354827881,69,78,1
4.911111354827881,66,70,0
4.911111354827881,76,54,0
4.911111354827881,75,52,1
4.911111354827881,65,84,1
4.911111354827881,59,78,0
4.911111354827881,76,51,1
4.911111354827881,69,63,0
4.911111354827881,51,123,1
4.911111354827881,67,69,0
4.911111354827881,72,58,1
4.911111354827881,60,77,0
4.911111354827881,76,58,1
4.911111354827881,77,52,0
4.911111354827881,67,115,1
4.911111354827881,75,53,1
4.911111354827881,77,60,0
4.911111354827881,62,88,1
4.911111354827881,60,91,1
4.911111354827881,76,70,0
4.911111354827881,63,127,1
4.911111354827881,68,79,1
4.911111354827881,70,77,1
4.911111354827881,67,68,0
4.9166669845581055,72,58,1
4.9166669845581055,66,69,0
4.9166669845581055,67,80,1
4.9166669845581055,65,122,1
4.9166669845581055,62,88,1
4.9166669845581055,60,77,0
4.9166669845581055,70,77,1
4.9166669845581055,69,62,0
4.9166669845581055,68,65,0
4.9166669845581055,69,63,0
4.9166669845581055,63,127,1
4.9166669845581055,64,85,1
4.9166669845581055,66,82,1
4.9166669845581055,68,66,0
4.9166669845581055,67,81,1
4.9166669845581055,67,68,0
4.9166669845581055,51,123,1
4.922222137451172,66,82,1
4.922222137451172,63,127,1
4.922222137451172,69,62,0
4.922222137451172,67,68,0
4.922222137451172,64,85,1
4.922222137451172,68,65,0
4.922222137451172,67,81,1
4.922222137451172,70,77,1
4.922222137451172,60,77,0
4.922222137451172,68,66,0
4.9277777671813965,67,68,0
4.9277777671813965,64,85,1
4.9277777671813965,66,82,1
4.9277777671813965,69,62,0
4.9277777671813965,67,81,1
4.933333396911621,69,62,0
4.933333396911621,67,68,0
4.9380950927734375,70,76,1
4.9380950927734375,57,80,0
4.9380950927734375,70,61,1
4.9380950927734375,61,77,0
4.9380950927734375,68,67,0
4.9380950927734375,60,117,1
4.9380950927734375,53,124,0
4.9380950927734375,55,70,1
4.9380950927734375,74,67,0
4.9380950927734375,69,96,1
4.9380950927734375,69,98,1
4.9380950927734375,54,65,1
4.9380950927734375,66,72,0
4.9380950927734375,77,53,0
4.9380950927734375,71,122,1
4.9380950927734375,62,87,1
4.9380950927734375,72,58,1
4.9380950927734375,50,110,0
4.9380950927734375,69,62,0
4.9380950927734375,59,91,1
4.9380950927734375,68,80,1
4.9380950927734375,55,96,1
4.9380950927734375,65,72,0
4.9380950927734375,63,75,0
4.9380950927734375,74,58,1
4.9380950927734375,72,66,0
4.9380950927734375,52,72,0
4.9380950927734375,76,51,1
4.9380950927734375,63,127,0
4.9380950927734375,74,55,1
4.9380950927734375,51,67,0
4.9380950927734375,55,71,1
4.9380950927734375,75,72,0
4.9380950927734375,54,39,1
4.9380950927734375,76,56,0
4.9380950927734375,76,52,1
4.9380950927734375,77,69,0
4.9380950927734375,61,90,1
4.9380950927734375,56,95,1
4.9380950927734375,74,73,0
4.9380950927734375,59,89,1
4.9380950927734375,57,93,1
4.9380950927734375,75,53,1
4.9380950927734375,68,84,0
4.9380950927734375,67,81,1
4.9380950927734375,77,63,0
4.9380950927734375,66,81,1
4.9380950927734375,68,79,1
4.9380950927734375,70,80,0
4.9380950927734375,63,103,0
4.9380950927734375,54,97,1
4.9380950927734375,57,33,0
4.9380950927734375,73,58,1
4.9380950927734375,67,80,1
4.9380950927734375,69,78,1
4.9380950927734375,70,78,1
4.9380950927734375,66,119,0
4.9380950927734375,66,83,1
4.9380950927734375,64,103,1
4.9380950927734375,53,77,0
4.9380950927734375,52,99,0
4.9380950927734375,52,96,1
4.9380950927734375,64,84,1
4.9380950927734375,65,122,0
4.9380950927734375,76,70,0
4.9380950927734375,57,94,1
4.9380950927734375,62,88,1
4.9380950927734375,66,82,1
4.9380950927734375,51,123,0
4.9380950927734375,66,69,0
4.9380950927734375,63,87,1
4.9380950927734375,52,97,1
4.9380950927734375,56,80,0
4.9380950927734375,76,71,0
4.9380950927734375,76,57,0
4.9380950927734375,71,74,0
4.9380950927734375,51,96,1
4.9380950927734375,67,68,0
4.9380950927734375,66,80,1
4.9380950927734375,51,97,0
4.9380950927734375,69,64,0
4.9380950927734375,54,82,0
4.9380950927734375,58,80,0
4.9380950927734375,69,105,0
4.9380950927734375,69,67,1
4.9380950927734375,71,59,1
4.9380950927734375,68,66,0
4.9380950927734375,72,74,0
4.9380950927734375,59,93,1
4.9380950927734375,68,65,0
4.9380950927734375,74,56,1
4.9380950927734375,55,117,1
4.9380950927734375,69,95,1
4.9380950927734375,59,78,0
4.9380950927734375,58,79,0
4.9380950927734375,62,123,0
4.9380950927734375,56,81,0
4.9380950927734375,49,93,1
4.9380950927734375,77,61,0
4.9380950927734375,72,59,1
4.9380950927734375,58,75,1
4.9380950927734375,75,54,1
4.9380950927734375,75,71,0
4.9380950927734375,61,89,1
4.9380950927734375,58,94,1
4.9380950927734375,74,57,1
4.9380950927734375,70,77,1
4.9380950927734375,60,40,1
4.9380950927734375,74,72,0
4.9380950927734375,60,91,1
4.9380950927734375,72,75,0
4.9380950927734375,60,77,0
4.9380950927734375,58,93,1
4.9380950927734375,60,78,0
4.9380950927734375,69,65,0
4.9380950927734375,59,79,0
4.9380950927734375,65,84,1
4.9380950927734375,73,74,0
4.9380950927734375,58,119,1
4.9380950927734375,69,101,1
4.9380950927734375,76,60,0
4.9380950927734375,60,90,1
4.9380950927734375,62,76,0
4.9380950927734375,64,124,0
4.9380950927734375,50,97,1
4.9380950927734375,66,70,0
4.9380950927734375,77,60,0
4.9380950927734375,68,68,0
4.9380950927734375,76,55,0
4.9380950927734375,76,59,1
4.9380950927734375,50,95,1
4.9380950927734375,55,45,1
4.9380950927734375,63,105,0
4.9380950927734375,59,76,1
4.9380950927734375,77,62,0
4.9380950927734375,55,39,1
4.9380950927734375,65,73,0
4.9380950927734375,64,85,1
4.9380950927734375,63,122,0
4.9380950927734375,57,79,0
4.9380950927734375,77,52,0
4.9380950927734375,59,92,1
4.9380950927734375,54,96,1
4.9380950927734375,69,63,0
4.9380950927734375,55,81,0
4.9380950927734375,64,86,1
4.9380950927734375,67,115,0
4.9380950927734375,63,42,1
4.9380950927734375,63,86,1
4.9380950927734375,64,74,0
4.9380950927734375,65,83,1
4.9380950927734375,57,74,1
4.9380950927734375,67,69,0
4.9380950927734375,77,64,0
4.9380950927734375,60,22,0
4.9380950927734375,77,54,0
4.9380950927734375,69,79,1
4.9380950927734375,66,71,0
4.9380950927734375,77,68,0
4.9380950927734375,71,60,1
4.9380950927734375,61,88,1
4.942856788635254,76,55,0
4.942856788635254,66,82,1
4.942856788635254,68,79,1
4.942856788635254,52,97,1
4.942856788635254,67,80,1
4.942856788635254,59,92,1
4.942856788635254,69,95,1
4.942856788635254,69,63,0
4.942856788635254,58,79,0
4.942856788635254,65,73,0
4.942856788635254,60,77,0
4.942856788635254,63,86,1
4.942856788635254,59,78,0
4.942856788635254,69,64,0
4.942856788635254,59,79,0
4.942856788635254,57,80,0
4.942856788635254,60,91,1
4.942856788635254,68,80,1
4.942856788635254,72,59,1
4.942856788635254,75,53,1
4.942856788635254,55,81,0
4.942856788635254,65,84,1
4.942856788635254,51,96,1
4.942856788635254,65,72,0
4.942856788635254,61,77,0
4.942856788635254,76,56,0
4.942856788635254,63,127,0
4.942856788635254,76,71,0
4.942856788635254,59,76,1
4.942856788635254,71,60,1
4.942856788635254,62,76,0
4.942856788635254,54,82,0
4.942856788635254,63,87,1
4.942856788635254,65,83,1
4.942856788635254,68,68,0
4.942856788635254,66,83,1
4.942856788635254,77,53,0
4.942856788635254,60,78,0
4.942856788635254,67,81,1
4.942856788635254,55,96,1
4.942856788635254,75,72,0
4.942856788635254,68,67,0
4.942856788635254,64,85,1
4.942856788635254,56,80,0
4.942856788635254,74,55,1
4.942856788635254,73,58,1
4.942856788635254,67,69,0
4.942856788635254,70,78,1
4.942856788635254,61,90,1
4.942856788635254,76,51,1
4.942856788635254,68,66,0
4.942856788635254,56,81,0
4.942856788635254,61,89,1
4.942856788635254,57,94,1
4.942856788635254,50,95,1
4.942856788635254,56,95,1
4.942856788635254,65,122,0
4.942856788635254,69,79,1
4.942856788635254,62,88,1
4.942856788635254,51,123,0
4.942856788635254,66,70,0
4.942856788635254,69,65,0
4.942856788635254,77,69,0
4.942856788635254,70,77,1
4.9476189613342285,64,85,1
4.9476189613342285,68,80,1
4.9476189613342285,69,63,0
4.9476189613342285,56,95,1
4.9476189613342285,63,86,1
4.9476189613342285,69,79,1
4.9476189613342285,55,81,0
4.9476189613342285,55,96,1
4.9476189613342285,50,95,1
4.9476189613342285,68,66,0
4.9476189613342285,66,82,1
4.9476189613342285,65,84,1
4.9476189613342285,62,88,1
4.9476189613342285,59,92,1
4.9476189613342285,61,90,1
4.9476189613342285,54,82,0
4.9476189613342285,57,80,0
4.9476189613342285,63,127,0
4.9476189613342285,67,81,1
4.9476189613342285,72,59,1
4.9476189613342285,65,72,0
4.9476189613342285,70,78,1
4.9476189613342285,68,67,0
4.9476189613342285,60,91,1
4.9476189613342285,68,79,1
4.9476189613342285,59,78,0
4.9476189613342285,58,79,0
4.9476189613342285,61,77,0
4.9476189613342285,69,64,0
4.9476189613342285,67,69,0
4.9476189613342285,60,78,0
4.9476189613342285,63,87,1
4.9476189613342285,66,70,0
4.952381134033203,60,91,1
4.952381134033203,65,72,0
4.952381134033203,66,70,0
4.952381134033203,63,87,1
4.952381134033203,63,127,0
4.952381134033203,55,81,0
4.952381134033203,70,78,1
4.952381134033203,58,79,0
4.952381134033203,69,79,1
4.952381134033203,65,84,1
4.952381134033203,56,95,1
4.952381134033203,59,78,0
4.952381134033203,61,90,1
4.952381134033203,55,96,1
4.952381134033203,64,85,1
4.952381134033203,50,95,1
4.952381134033203,66,82,1
4.952381134033203,67,81,1
4.952381134033203,67,69,0
4.952381134033203,68,80,1
4.952381134033203,69,63,0
4.952381134033203,68,67,0
4.952381134033203,68,66,0
4.95714282989502,68,66,0
4.95714282989502,55,81,0
4.95714282989502,63,127,0
4.95714282989502,66,70,0
4.95714282989502,58,79,0
4.95714282989502,67,69,0
4.95714282989502,69,79,1
4.95714282989502,65,84,1
4.95714282989502,65,72,0
4.95714282989502,70,78,1
4.95714282989502,68,80,1
4.95714282989502,50,95,1
4.95714282989502,67,81,1
4.95714282989502,63,87,1
4.95714282989502,69,63,0
4.95714282989502,60,91,1
4.95714282989502,59,78,0
4.961904525756836,68,66,0
4.961904525756836,59,78,0
4.961904525756836,65,84,1
4.961904525756836,69,63,0
4.961904525756836,58,79,0
4.961904525756836,63,127,0
4.9666666984558105,69,63,0
4.972222328186035,74,73,0
4.972222328186035,77,54,0
4.972222328186035,75,72,0
4.972222328186035,77,62,0
4.972222328186035,66,83,1
4.972222328186035,65,73,0
4.972222328186035,49,65,1
4.972222328186035,76,57,0
4.972222328186035,77,69,0
4.972222328186035,73,74,0
4.972222328186035,62,76,0
4.972222328186035,59,85,1
4.972222328186035,68,68,0
4.972222328186035,74,56,1
4.972222328186035,70,82,0
4.972222328186035,64,73,0
4.972222328186035,58,101,0
4.972222328186035,77,55,0
4.972222328186035,51,72,1
4.972222328186035,73,58,1
4.972222328186035,72,59,1
4.972222328186035,77,53,0
4.972222328186035,61,90,1
4.972222328186035,76,56,0
4.972222328186035,63,87,1
4.972222328186035,68,78,1
4.972222328186035,62,88,1
4.972222328186035,65,84,1
4.972222328186035,59,76,0
4.972222328186035,68,79,1
4.972222328186035,65,122,1
4.972222328186035,74,57,1
4.972222328186035,67,82,1
4.972222328186035,59,118,0
4.972222328186035,66,96,1
4.972222328186035,63,120,1
4.972222328186035,69,63,0
4.972222328186035,70,77,1
4.972222328186035,50,57,1
4.972222328186035,49,121,1
4.972222328186035,68,80,1
4.972222328186035,71,61,1
4.972222328186035,76,59,1
4.972222328186035,76,68,0
4.972222328186035,61,77,0
4.972222328186035,69,65,0
4.972222328186035,77,61,0
4.972222328186035,60,77,0
4.972222328186035,63,127,1
4.972222328186035,70,61,1
4.972222328186035,59,90,1
4.972222328186035,59,78,0
4.972222328186035,73,59,1
4.972222328186035,73,60,0
4.972222328186035,75,54,1
4.972222328186035,67,69,0
4.972222328186035,69,66,0
4.972222328186035,60,78,0
4.972222328186035,66,71,0
4.972222328186035,77,70,0
4.972222328186035,55,46,0
4.972222328186035,63,75,0
4.972222328186035,66,70,0
4.972222328186035,54,65,0
4.972222328186035,63,34,0
4.972222328186035,66,82,1
4.972222328186035,64,84,1
4.972222328186035,63,100,0
4.972222328186035,67,89,0
4.972222328186035,68,70,1
4.972222328186035,66,59,1
4.972222328186035,75,55,1
4.972222328186035,67,61,1
4.972222328186035,64,85,1
4.972222328186035,70,78,1
4.972222328186035,50,125,1
4.972222328186035,65,72,0
4.972222328186035,53,56,0
4.972222328186035,53,43,1
4.972222328186035,67,70,0
4.972222328186035,54,43,0
4.972222328186035,61,81,1
4.972222328186035,76,52,1
4.972222328186035,54,68,1
4.972222328186035,53,124,1
4.972222328186035,66,72,0
4.972222328186035,69,92,1
4.972222328186035,55,45,0
4.972222328186035,69,64,0
4.972222328186035,64,74,0
4.972222328186035,59,77,0
4.972222328186035,76,53,1
4.972222328186035,53,77,1
4.972222328186035,76,71,0
4.972222328186035,69,79,1
4.972222328186035,67,81,1
4.972222328186035,72,60,1
4.972222328186035,51,58,1
4.972222328186035,56,35,0
4.972222328186035,68,67,0
4.972222328186035,60,117,0
4.972222328186035,74,58,1
4.972222328186035,67,78,1
4.972222328186035,54,97,0
4.972222328186035,70,83,0
4.972222328186035,64,99,0
4.972222328186035,51,56,1
4.972222328186035,66,57,1
4.972222328186035,62,89,1
4.972222328186035,51,123,1
4.97777795791626,68,80,1
4.97777795791626,70,78,1
4.97777795791626,68,68,0
4.97777795791626,67,82,1
4.97777795791626,75,55,1
4.97777795791626,77,54,0
4.97777795791626,63,87,1
4.97777795791626,64,74,0
4.97777795791626,61,90,1
4.97777795791626,62,76,0
4.97777795791626,59,77,0
4.97777795791626,76,52,1
4.97777795791626,55,46,0
4.97777795791626,68,67,0
4.97777795791626,66,83,1
4.97777795791626,76,71,0
4.97777795791626,75,54,1
4.97777795791626,69,64,0
4.97777795791626,67,70,0
4.97777795791626,66,70,0
4.97777795791626,51,123,1
4.97777795791626,67,69,0
4.97777795791626,65,84,1
4.97777795791626,67,81,1
4.97777795791626,66,71,0
4.983333587646484,69,64,0
4.983333587646484,66,70,0
4.983333587646484,66,83,1
4.983333587646484,67,69,0
4.983333587646484,68,67,0
4.983333587646484,63,87,1
4.988888740539551,69,64,0
4.988888740539551,67,69,0
4.988888740539551,66,83,1
4.988888740539551,68,67,0
4.994444370269775,69,64,0
5.0,69,64,0
5.008333206176758,73,68,0
5.008333206176758,68,57,0
5.008333206176758,68,111,1
5.008333206176758,69,96,0
5.008333206176758,69,97,1
5.008333206176758,64,74,0
5.008333206176758,66,82,1
5.008333206176758,68,68,0
5.008333206176758,76,57,0
5.008333206176758,57,74,0
5.008333206176758,51,68,1
5.008333206176758,54,81,0
5.008333206176758,54,44,0
5.008333206176758,51,123,1
5.008333206176758,66,83,1
5.008333206176758,75,73,0
5.008333206176758,55,96,0
5.008333206176758,56,95,0
5.008333206176758,48,122,1
5.008333206176758,55,50,1
5.008333206176758,49,125,1
5.008333206176758,55,81,1
5.008333206176758,65,54,1
5.008333206176758,55,71,0
5.008333206176758,62,125,1
5.008333206176758,69,66,0
5.008333206176758,76,61,0
5.008333206176758,60,117,1
5.008333206176758,56,127,0
5.008333206176758,48,125,1
5.008333206176758,70,62,1
5.008333206176758,66,70,0
5.008333206176758,77,55,0
5.008333206176758,69,81,0
5.008333206176758,76,58,0
5.008333206176758,55,45,0
5.008333206176758,52,98,0
5.008333206176758,67,66,1
5.008333206176758,50,56,1
5.008333206176758,74,57,1
5.008333206176758,48,124,0
5.008333206176758,52,97,0
5.008333206176758,63,35,1
5.008333206176758,50,95,0
5.008333206176758,51,54,0
5.008333206176758,69,58,0
5.008333206176758,67,69,0
5.008333206176758,53,77,1
5.008333206176758,69,63,1
5.008333206176758,78,68,0
5.008333206176758,75,55,1
5.008333206176758,54,97,0
5.008333206176758,49,106,1
5.008333206176758,74,59,1
5.008333206176758,57,34,0
5.008333206176758,76,72,0
5.008333206176758,68,56,0
5.008333206176758,56,73,0
5.008333206176758,71,62,1
5.008333206176758,65,73,0
5.008333206176758,61,90,0
5.008333206176758,68,110,1
5.008333206176758,59,76,0
5.008333206176758,47,120,0
5.008333206176758,67,115,1
5.008333206176758,77,54,0
5.008333206176758,69,60,0
5.008333206176758,70,80,0
5.008333206176758,54,65,0
5.008333206176758,66,72,0
5.008333206176758,73,59,1
5.008333206176758,66,71,0
5.008333206176758,69,65,0
5.008333206176758,61,76,0
5.008333206176758,62,34,0
5.008333206176758,78,67,0
5.008333206176758,61,77,0
5.008333206176758,51,67,1
5.008333206176758,56,126,1
5.008333206176758,64,124,1
5.008333206176758,52,71,1
5.008333206176758,67,82,1
5.008333206176758,68,80,1
5.008333206176758,48,120,0
5.008333206176758,58,75,0
5.008333206176758,70,125,0
5.008333206176758,62,76,0
5.008333206176758,75,56,1
5.008333206176758,60,76,0
5.008333206176758,54,63,0
5.008333206176758,65,72,0
5.008333206176758,61,16,0
5.008333206176758,52,74,1
5.008333206176758,77,70,0
5.008333206176758,77,52,1
5.008333206176758,59,75,0
5.008333206176758,50,65,1
5.008333206176758,48,107,0
5.008333206176758,69,64,0
5.008333206176758,67,68,0
5.008333206176758,76,53,1
5.008333206176758,58,79,0
5.008333206176758,63,86,1
5.008333206176758,66,119,1
5.008333206176758,58,16,0
5.008333206176758,72,75,0
5.008333206176758,69,107,1
5.008333206176758,77,59,1
5.008333206176758,74,58,1
5.008333206176758,52,123,1
5.008333206176758,63,17,0
5.008333206176758,63,75,0
5.008333206176758,65,122,1
5.008333206176758,63,127,1
5.008333206176758,69,98,0
5.008333206176758,72,120,0
5.008333206176758,62,53,1
5.008333206176758,74,74,0
5.008333206176758,73,74,0
5.008333206176758,50,123,1
5.008333206176758,66,64,0
5.008333206176758,54,96,0
5.008333206176758,71,122,0
5.008333206176758,66,115,0
5.008333206176758,66,54,0
5.008333206176758,53,57,0
5.008333206176758,64,86,1
5.008333206176758,47,122,1
5.008333206176758,70,77,1
5.008333206176758,54,126,1
5.016666412353516,60,76,0
5.016666412353516,54,97,0
5.016666412353516,69,60,0
5.016666412353516,50,95,0
5.016666412353516,68,111,1
5.016666412353516,51,67,1
5.016666412353516,51,123,1
5.016666412353516,63,127,1
5.016666412353516,53,77,1
5.016666412353516,69,97,1
5.016666412353516,55,96,0
5.016666412353516,69,65,0
5.016666412353516,61,76,0
5.025000095367432,63,127,1
5.025000095367432,55,96,0
5.025000095367432,60,76,0
5.0333333015441895,63,127,1
5.038888931274414,68,68,0
5.038888931274414,51,66,1
5.038888931274414,55,81,0
5.038888931274414,65,22,0
5.038888931274414,66,118,1
5.038888931274414,59,78,0
5.038888931274414,66,72,0
5.038888931274414,56,80,0
5.038888931274414,74,74,0
5.038888931274414,57,67,1
5.038888931274414,62,77,0
5.038888931274414,64,75,0
5.038888931274414,62,88,1
5.038888931274414,54,44,0
5.038888931274414,69,66,0
5.038888931274414,77,70,0
5.038888931274414,64,18,0
5.038888931274414,66,71,0
5.038888931274414,73,59,1
5.038888931274414,56,73,0
5.038888931274414,65,57,1
5.038888931274414,66,62,1
5.038888931274414,64,86,1
5.038888931274414,69,67,0
5.038888931274414,55,126,1
5.038888931274414,72,121,0
5.038888931274414,61,77,0
5.038888931274414,67,114,1
5.038888931274414,74,58,1
5.038888931274414,68,80,1
5.038888931274414,77,56,0
5.038888931274414,58,124,1
5.038888931274414,61,90,1
5.038888931274414,61,16,0
5.038888931274414,67,70,0
5.038888931274414,69,85,0
5.038888931274414,77,63,0
5.038888931274414,66,63,1
5.038888931274414,75,56,1
5.038888931274414,60,15,0
5.038888931274414,67,82,1
5.038888931274414,63,56,1
5.038888931274414,66,83,1
5.038888931274414,50,123,1
5.038888931274414,65,79,1
5.038888931274414,64,85,1
5.038888931274414,69,80,1
5.038888931274414,57,126,1
5.038888931274414,65,21,0
5.038888931274414,53,77,1
5.038888931274414,58,80,0
5.038888931274414,51,123,1
5.038888931274414,57,80,0
5.038888931274414,50,58,1
5.038888931274414,65,84,1
5.038888931274414,53,125,0
5.038888931274414,72,60,1
5.038888931274414,65,73,0
5.038888931274414,50,63,1
5.038888931274414,65,77,1
5.038888931274414,53,124,1
5.038888931274414,71,124,1
5.038888931274414,76,72,0
5.038888931274414,54,64,0
5.038888931274414,61,111,0
5.038888931274414,70,87,0
5.038888931274414,66,79,1
5.038888931274414,67,110,1
5.038888931274414,73,61,0
5.038888931274414,53,126,1
5.038888931274414,76,53,1
5.038888931274414,59,79,0
5.038888931274414,65,83,1
5.038888931274414,53,54,0
5.038888931274414,54,52,1
5.038888931274414,68,104,0
5.038888931274414,62,126,1
5.038888931274414,68,81,1
5.038888931274414,69,65,0
5.038888931274414,71,80,0
5.038888931274414,77,52,1
5.038888931274414,77,55,0
5.038888931274414,70,81,0
5.038888931274414,70,78,1
5.038888931274414,61,15,0
5.038888931274414,75,73,0
5.038888931274414,77,71,0
5.038888931274414,55,45,0
5.038888931274414,53,98,0
5.038888931274414,67,115,1
5.038888931274414,63,65,1
5.038888931274414,67,81,1
5.038888931274414,70,90,0
5.038888931274414,71,61,1
5.038888931274414,62,16,0
5.038888931274414,64,125,1
5.038888931274414,69,86,0
5.038888931274414,62,76,0
5.038888931274414,69,60,1
5.038888931274414,70,79,1
5.038888931274414,61,112,0
5.038888931274414,70,82,0
5.038888931274414,68,69,0
5.038888931274414,74,59,1
5.038888931274414,69,79,1
5.038888931274414,64,74,0
5.038888931274414,52,124,0
5.038888931274414,63,87,1
5.038888931274414,76,58,0
5.038888931274414,60,78,0
5.044444561004639,55,81,0
5.044444561004639,68,68,0
5.044444561004639,64,86,1
5.044444561004639,69,80,1
5.044444561004639,67,70,0
5.044444561004639,69,65,0
5.044444561004639,70,79,1
5.044444561004639,65,73,0
5.044444561004639,61,77,0
5.044444561004639,65,84,1
5.044444561004639,66,83,1
5.044444561004639,67,82,1
5.050000190734863,68,68,0
5.050000190734863,67,82,1
5.050000190734863,67,70,0
5.050000190734863,69,65,0
5.050000190734863,70,79,1
5.050000190734863,69,80,1
5.05555534362793,69,65,0
5.05555534362793,68,68,0
5.061110973358154,69,65,0
5.061110973358154,68,68,0
5.066666603088379,68,68,0
5.073333263397217,75,55,1
5.073333263397217,58,79,0
5.073333263397217,64,86,1
5.073333263397217,70,89,0
5.073333263397217,60,90,1
5.073333263397217,66,64,1
5.073333263397217,69,65,0
5.073333263397217,60,78,0
5.073333263397217,69,70,1
5.073333263397217,68,69,0
5.073333263397217,66,71,0
5.073333263397217,59,79,0
5.073333263397217,48,122,1
5.073333263397217,60,91,1
5.073333263397217,61,90,1
5.073333263397217,65,85,1
5.073333263397217,70,78,1
5.073333263397217,72,75,0
5.073333263397217,65,84,1
5.073333263397217,65,74,0
5.073333263397217,74,69,0
5.073333263397217,61,89,1
5.073333263397217,53,55,0
5.073333263397217,70,88,0
5.073333263397217,68,87,0
5.073333263397217,69,66,0
5.073333263397217,64,75,0
5.073333263397217,50,112,0
5.073333263397217,68,111,1
5.073333263397217,76,71,0
5.073333263397217,56,84,1
5.073333263397217,66,31,0
5.073333263397217,75,56,1
5.073333263397217,62,76,0
5.073333263397217,53,32,1
5.073333263397217,64,19,0
5.073333263397217,55,45,0
5.073333263397217,70,83,0
5.073333263397217,75,57,1
5.073333263397217,69,80,1
5.073333263397217,62,89,1
5.073333263397217,65,64,1
5.073333263397217,73,59,1
5.073333263397217,63,80,1
5.073333263397217,73,60,1
5.073333263397217,62,17,0
5.073333263397217,71,78,0
5.073333263397217,66,54,0
5.073333263397217,67,81,1
5.073333263397217,66,82,1
5.073333263397217,49,111,0
5.073333263397217,76,72,0
5.073333263397217,76,54,1
5.073333263397217,64,74,0
5.073333263397217,68,81,1
5.073333263397217,53,56,0
5.073333263397217,76,67,0
5.073333263397217,76,60,1
5.073333263397217,76,53,1
5.073333263397217,68,105,0
5.073333263397217,53,78,1
5.073333263397217,68,68,0
5.073333263397217,53,57,0
5.073333263397217,69,92,0
5.073333263397217,73,75,0
5.073333263397217,55,96,1
5.073333263397217,69,67,0
5.073333263397217,73,119,0
5.073333263397217,57,127,1
5.073333263397217,62,77,0
5.073333263397217,71,79,0
5.073333263397217,70,93,0
5.073333263397217,52,69,1
5.073333263397217,70,79,1
5.073333263397217,78,69,0
5.073333263397217,65,52,1
5.073333263397217,51,69,1
5.073333263397217,67,70,0
5.073333263397217,62,109,0
5.073333263397217,61,78,0
5.073333263397217,66,83,1
5.073333263397217,73,120,0
5.073333263397217,57,80,0
5.073333263397217,78,54,0
5.073333263397217,77,60,1
5.073333263397217,61,77,0
5.073333263397217,76,59,0
5.073333263397217,65,73,0
5.073333263397217,53,80,1
5.073333263397217,50,109,0
5.073333263397217,77,56,0
5.073333263397217,74,59,1
5.073333263397217,60,77,0
5.073333263397217,64,46,1
5.073333263397217,63,75,0
5.073333263397217,68,80,1
5.073333263397217,63,76,0
5.073333263397217,67,82,1
5.079999923706055,70,79,1
5.079999923706055,68,81,1
5.079999923706055,62,76,0
5.079999923706055,67,82,1
5.079999923706055,67,70,0
5.079999923706055,66,83,1
5.079999923706055,65,73,0
5.079999923706055,57,80,0
5.079999923706055,68,68,0
5.079999923706055,61,77,0
5.079999923706055,64,86,1
5.079999923706055,66,71,0
5.079999923706055,60,78,0
5.079999923706055,62,89,1
5.079999923706055,70,93,0
5.086666584014893,67,70,0
5.086666584014893,65,73,0
5.086666584014893,66,71,0
5.086666584014893,61,77,0
5.086666584014893,64,86,1
5.0933332443237305,67,70,0
5.0933332443237305,61,77,0
5.0933332443237305,66,71,0
5.099999904632568,67,70,0
5.111111164093018,69,82,0
5.111111164093018,52,46,0
5.111111164093018,60,23,1
5.111111164093018,62,76,0
5.111111164093018,49,63,1
5.111111164093018,57,82,1
5.111111164093018,48,111,0
5.111111164093018,76,72,0
5.111111164093018,50,66,1
5.111111164093018,59,15,0
5.111111164093018,76,55,1
5.111111164093018,77,56,0
5.111111164093018,57,74,0
5.111111164093018,71,81,0
5.111111164093018,78,61,0
5.111111164093018,66,71,0
5.111111164093018,47,124,0
5.111111164093018,58,16,0
5.111111164093018,67,54,0
5.111111164093018,71,61,1
5.111111164093018,51,125,1
5.111111164093018,55,71,0
5.111111164093018,51,66,1
5.111111164093018,70,64,0
5.111111164093018,65,73,0
5.111111164093018,50,97,1
5.111111164093018,55,19,0
5.111111164093018,70,98,0
5.111111164093018,66,72,0
5.111111164093018,69,60,0
5.111111164093018,75,65,0
5.111111164093018,48,101,1
5.111111164093018,68,81,1
5.111111164093018,77,55,0
5.111111164093018,46,123,0
5.111111164093018,61,117,1
5.111111164093018,64,124,1
5.111111164093018,71,122,0
5.111111164093018,47,119,0
5.111111164093018,69,57,0
5.111111164093018,67,55,0
5.111111164093018,67,56,0
5.111111164093018,70,79,1
5.111111164093018,75,57,1
5.111111164093018,52,125,1
5.111111164093018,50,124,1
5.111111164093018,56,116,0
5.111111164093018,68,83,0
5.111111164093018,77,71,0
5.111111164093018,68,55,0
5.111111164093018,57,16,0
5.111111164093018,76,69,0
5.111111164093018,77,53,1
5.111111164093018,53,97,0
5.111111164093018,75,58,1
5.111111164093018,78,62,0
5.111111164093018,63,127,1
5.111111164093018,60,76,0
5.111111164093018,70,93,1
5.111111164093018,55,96,0
5.111111164093018,76,54,1
5.111111164093018,69,97,1
5.111111164093018,57,61,1
5.111111164093018,69,66,0
5.111111164093018,48,122,1
5.111111164093018,62,126,0
5.111111164093018,53,77,1
5.111111164093018,52,53,0
5.111111164093018,56,73,0
5.111111164093018,61,76,0
5.111111164093018,72,61,1
5.111111164093018,78,65,0
5.111111164093018,50,109,1
5.111111164093018,47,120,0
5.111111164093018,46,124,0
5.111111164093018,74,74,0
5.111111164093018,72,120,0
5.111111164093018,77,57,0
5.111111164093018,51,64,1
5.111111164093018,69,98,0
5.111111164093018,59,111,0
5.111111164093018,61,122,1
5.111111164093018,63,17,0
5.111111164093018,52,76,1
5.111111164093018,60,111,0
5.111111164093018,58,75,0
5.111111164093018,68,69,0
5.111111164093018,65,122,1
5.111111164093018,52,123,1
5.122221946716309,66,71,0
5.122221946716309,67,55,0
5.122221946716309,58,75,0
5.122221946716309,48,122,1
5.122221946716309,69,97,1
5.133333206176758,66,71,0
5.141666412353516,68,80,1
5.141666412353516,53,44,1
5.141666412353516,75,56,1
5.141666412353516,66,103,0
5.141666412353516,63,86,1
5.141666412353516,64,86,1
5.141666412353516,65,53,1
5.141666412353516,69,65,0
5.141666412353516,62,31,0
5.141666412353516,77,60,1
5.141666412353516,69,80,1
5.141666412353516,63,75,0
5.141666412353516,62,16,0
5.141666412353516,65,108,0
5.141666412353516,69,60,0
5.141666412353516,61,60,1
5.141666412353516,64,100,0
5.141666412353516,62,103,1
5.141666412353516,76,70,0
5.141666412353516,73,75,0
5.141666412353516,63,17,0
5.141666412353516,73,60,1
5.141666412353516,64,18,0
5.141666412353516,59,60,1
5.141666412353516,76,55,1
5.141666412353516,62,87,1
5.141666412353516,63,88,1
5.141666412353516,67,72,1
5.141666412353516,78,68,0
5.141666412353516,69,89,0
5.141666412353516,64,85,1
5.141666412353516,76,73,0
5.141666412353516,69,66,0
5.141666412353516,54,96,0
5.141666412353516,78,55,0
5.141666412353516,53,42,1
5.141666412353516,54,44,1
5.141666412353516,63,76,0
5.141666412353516,71,62,1
5.141666412353516,67,82,1
5.141666412353516,61,66,1
5.141666412353516,65,74,0
5.141666412353516,54,39,0
5.141666412353516,63,87,1
5.141666412353516,77,53,1
5.141666412353516,75,73,0
5.141666412353516,56,17,0
5.141666412353516,62,81,1
5.141666412353516,65,73,0
5.141666412353516,50,55,1
5.141666412353516,60,22,1
5.141666412353516,70,80,1
5.141666412353516,65,105,0
5.141666412353516,60,15,0
5.141666412353516,62,75,0
5.141666412353516,74,59,1
5.141666412353516,65,85,1
5.141666412353516,72,60,1
5.141666412353516,69,67,0
5.141666412353516,65,96,0
5.141666412353516,66,83,1
5.141666412353516,70,86,0
5.141666412353516,66,84,1
5.141666412353516,67,70,0
5.141666412353516,66,71,0
5.141666412353516,68,69,0
5.141666412353516,65,20,0
5.141666412353516,68,81,1
5.149999618530273,69,66,0
5.149999618530273,65,108,0
5.1583333015441895,69,66,0
5.166666507720947,69,66,0
5.183333396911621,64,118,0
5.183333396911621,65,73,0
5.183333396911621,78,70,0
5.183333396911621,72,76,0
5.183333396911621,68,69,0
5.183333396911621,66,101,1
5.183333396911621,61,76,0
5.183333396911621,75,74,0
5.183333396911621,72,61,1
5.183333396911621,58,75,0
5.183333396911621,64,87,0
5.183333396911621,62,76,0
5.183333396911621,64,102,0
5.183333396911621,65,94,1
5.183333396911621,70,65,0
5.183333396911621,61,77,0
5.183333396911621,53,97,0
5.183333396911621,75,57,1
5.183333396911621,69,66,0
5.183333396911621,64,75,0
5.183333396911621,66,73,0
5.183333396911621,69,89,0
5.183333396911621,60,78,0
5.183333396911621,61,109,0
5.183333396911621,67,82,1
5.183333396911621,74,60,1
5.183333396911621,64,103,0
5.183333396911621,70,88,0
5.183333396911621,59,16,0
5.183333396911621,64,74,0
5.183333396911621,68,81,1
5.183333396911621,67,71,0
5.183333396911621,68,70,0
5.183333396911621,77,58,0
5.183333396911621,77,71,0
5.183333396911621,75,58,1
5.183333396911621,78,63,0
5.183333396911621,78,54,0
5.183333396911621,66,72,0
5.183333396911621,70,79,1
5.183333396911621,55,117,0
5.183333396911621,60,76,0
5.183333396911621,70,84,0
5.183333396911621,59,79,0
5.183333396911621,74,75,0
5.183333396911621,50,109,0
5.199999809265137,61,76,0
5.199999809265137,68,69,0
5.211111068725586,57,107,1
5.211111068725586,67,55,1
5.211111068725586,69,68,0
5.211111068725586,77,62,0
5.211111068725586,56,81,0
5.211111068725586,69,80,1
5.211111068725586,66,49,1
5.211111068725586,65,85,1
5.211111068725586,68,69,0
5.211111068725586,69,66,0
5.211111068725586,69,67,0
5.211111068725586,58,80,0
5.211111068725586,65,84,1
5.211111068725586,76,73,0
5.211111068725586,55,82,0
5.211111068725586,64,86,1
5.211111068725586,61,76,1
5.211111068725586,65,73,0
5.211111068725586,55,46,0
5.211111068725586,62,89,1
5.211111068725586,60,78,0
5.211111068725586,57,20,1
5.211111068725586,71,82,0
5.211111068725586,66,72,0
5.211111068725586,73,60,1
5.211111068725586,66,71,0
5.211111068725586,66,83,1
5.211111068725586,77,57,0
5.211111068725586,67,82,1
5.211111068725586,61,90,1
5.211111068725586,77,72,0
5.211111068725586,78,66,0
5.211111068725586,74,61,0
5.211111068725586,65,74,0
5.211111068725586,76,55,1
5.211111068725586,59,77,1
5.211111068725586,78,69,0
5.211111068725586,68,81,1
5.211111068725586,70,78,1
5.211111068725586,77,53,1
5.211111068725586,62,77,0
5.211111068725586,71,63,1
5.211111068725586,66,76,1
5.211111068725586,64,75,0
5.211111068725586,69,78,1
5.211111068725586,61,78,0
5.211111068725586,62,88,1
5.211111068725586,63,105,1
5.211111068725586,63,76,0
5.222222328186035,60,78,0
5.222222328186035,65,85,1
5.222222328186035,69,66,0
5.233333110809326,65,85,1
5.25,70,79,1
5.25,68,70,0
5.25,66,73,0
5.25,66,72,0
5.25,68,69,0
5.25,78,62,0
5.25,66,84,1
5.25,74,60,1
5.25,68,68,0
5.25,63,87,1
5.25,63,76,0
5.25,78,55,0
5.25,60,116,0
5.25,67,114,0
5.25,67,83,1
5.25,66,104,0
5.25,76,56,1
5.25,73,62,0
5.25,52,54,0
5.25,67,70,0
5.25,53,64,0
5.25,69,102,0
5.25,74,123,0
5.25,67,71,0
5.25,59,116,0
5.25,69,67,0
5.25,55,81,0
5.25,53,56,0
5.25,60,117,0
5.25,70,80,1
5.25,69,100,0
5.266666889190674,68,69,0
5.300000190734863,48,114,0
5.300000190734863,53,77,0
5.300000190734863,64,75,0
5.300000190734863,62,77,0
5.300000190734863,65,87,0
5.300000190734863,69,101,0
5.300000190734863,64,86,1
5.300000190734863,68,80,1
5.300000190734863,74,75,0
5.300000190734863,62,125,0
5.300000190734863,65,85,1
5.300000190734863,76,73,0
5.300000190734863,73,60,1
5.300000190734863,50,95,1
5.300000190734863,63,116,0
5.300000190734863,65,74,0
5.300000190734863,56,73,1
5.300000190734863,61,77,0
5.300000190734863,75,57,1
5.300000190734863,60,78,0
5.300000190734863,61,126,0
5.300000190734863,57,20,0
5.300000190734863,49,107,0
5.300000190734863,66,108,0
5.300000190734863,67,81,1
5.300000190734863,68,81,1
5.300000190734863,77,54,1
5.300000190734863,57,80,0
5.300000190734863,69,80,1
5.300000190734863,75,74,0
5.300000190734863,66,84,1
5.300000190734863,59,79,0
5.300000190734863,62,89,1
5.300000190734863,58,75,1
5.300000190734863,57,81,0
5.300000190734863,75,59,1
5.333333492279053,65,71,0
5.333333492279053,70,63,1
5.333333492279053,70,80,1
5.333333492279053,65,70,0
5.333333492279053,59,84,1
5.333333492279053,56,80,0
5.333333492279053,69,95,1
5.333333492279053,63,115,0
5.333333492279053,78,56,0
5.333333492279053,75,58,1
5.333333492279053,71,62,1
5.333333492279053,65,85,1
5.333333492279053,62,76,0
5.333333492279053,70,84,0
5.333333492279053,50,112,1
5.333333492279053,50,95,1
5.366666793823242,55,126,1
5.366666793823242,50,95,0
5.366666793823242,64,72,0
5.366666793823242,54,43,1
5.366666793823242,56,126,1
5.366666793823242,76,55,1
5.383333683013916,76,60,0
5.383333683013916,68,69,0
5.383333683013916,69,67,0
5.383333683013916,77,57,0
5.383333683013916,66,83,1
5.383333683013916,53,77,0
5.383333683013916,67,82,1
5.383333683013916,61,76,0
5.383333683013916,55,81,0
5.383333683013916,49,104,0
5.383333683013916,59,18,0
5.383333683013916,48,91,1
5.383333683013916,48,119,0
5.383333683013916,73,76,0
5.383333683013916,77,72,0
5.383333683013916,59,76,0
5.383333683013916,70,80,1
5.383333683013916,62,33,0
5.383333683013916,58,80,0
5.383333683013916,52,124,1
5.383333683013916,63,34,0
5.383333683013916,66,63,0
5.383333683013916,50,124,0
5.383333683013916,59,92,1
5.400000095367432,53,77,0
5.400000095367432,66,63,0
5.4166669845581055,68,81,1
5.4166669845581055,64,75,0
5.4166669845581055,65,85,1
5.4166669845581055,65,74,0
5.4166669845581055,56,73,1
5.4166669845581055,54,82,0
5.4166669845581055,66,73,0
5.4166669845581055,63,76,0
5.4166669845581055,62,77,0
5.4166669845581055,58,93,1
5.4166669845581055,64,105,0
5.4166669845581055,72,61,1
5.4166669845581055,49,94,1
5.4166669845581055,51,96,1
5.4166669845581055,77,61,1
5.4166669845581055,62,76,1
5.4166669845581055,62,105,0
5.4166669845581055,69,79,1
5.4166669845581055,53,77,0
5.4166669845581055,68,70,0
5.4166669845581055,58,75,1
5.4166669845581055,70,79,1
5.4166669845581055,60,79,0
5.4166669845581055,54,65,1
5.4166669845581055,62,102,0
5.4166669845581055,67,71,0
5.4166669845581055,60,91,1
5.4166669845581055,49,107,1
5.4166669845581055,50,95,1
5.4166669845581055,72,62,1
5.4166669845581055,51,95,1
5.4166669845581055,63,88,1
5.4166669845581055,61,111,0
5.4166669845581055,57,80,0
5.4166669845581055,53,111,0
5.4166669845581055,69,98,1
5.4166669845581055,55,47,0
5.4166669845581055,59,99,0
5.4166669845581055,66,56,0
5.4166669845581055,61,78,0
5.4166669845581055,52,97,1
5.4166669845581055,56,81,0
5.4166669845581055,69,68,0
5.4166669845581055,62,120,0
5.4166669845581055,52,125,0
5.4166669845581055,55,71,1
5.4166669845581055,66,55,0
5.4166669845581055,51,66,0
5.4166669845581055,59,93,1
5.4166669845581055,67,61,0
5.4166669845581055,59,97,0
5.4166669845581055,53,61,0
5.4166669845581055,62,89,1
5.4166669845581055,70,80,1
5.4166669845581055,60,104,0
5.4166669845581055,61,76,1
5.4166669845581055,77,54,1
5.4166669845581055,66,84,1
5.4166669845581055,58,78,0
5.4166669845581055,59,79,0
5.4166669845581055,65,84,1
5.4166669845581055,55,96,1
5.4166669845581055,69,60,1
5.4166669845581055,67,79,1
5.433333396911621,54,65,1
5.433333396911621,62,89,1
5.433333396911621,50,95,1
5.44444465637207,52,72,0
5.44444465637207,58,75,1
5.44444465637207,56,73,1
5.44444465637207,56,95,1
5.44444465637207,57,81,0
5.44444465637207,59,79,0
5.44444465637207,55,96,1
5.44444465637207,66,55,1
5.44444465637207,58,94,1
5.44444465637207,53,97,1
5.44444465637207,53,77,0
5.44444465637207,68,111,0
5.44444465637207,49,94,1
5.44444465637207,66,72,0
5.44444465637207,63,127,0
5.44444465637207,71,122,1
5.44444465637207,56,81,0
5.44444465637207,70,80,1
5.44444465637207,62,76,1
5.44444465637207,59,92,1
5.44444465637207,48,122,0
5.44444465637207,61,91,1
5.44444465637207,72,120,1
5.44444465637207,63,76,0
5.44444465637207,74,60,1
5.44444465637207,61,117,0
5.44444465637207,72,76,0
5.44444465637207,64,87,1
5.44444465637207,54,127,0
5.44444465637207,66,84,1
5.44444465637207,54,96,1
5.44444465637207,51,67,0
5.44444465637207,62,77,0
5.44444465637207,76,62,0
5.44444465637207,58,86,1
5.44444465637207,61,111,1
5.44444465637207,74,75,0
5.44444465637207,69,89,1
5.44444465637207,49,93,1
5.44444465637207,50,94,1
5.44444465637207,64,118,1
5.44444465637207,54,97,1
5.44444465637207,76,56,1
5.44444465637207,57,74,1
5.44444465637207,63,87,1
5.44444465637207,61,90,1
5.44444465637207,52,97,1
5.44444465637207,54,65,1
5.44444465637207,55,81,0
5.44444465637207,58,80,0
5.44444465637207,64,85,1
5.44444465637207,67,115,0
5.44444465637207,67,82,1
5.44444465637207,60,76,1
5.44444465637207,62,103,0
5.44444465637207,67,83,1
5.44444465637207,59,93,1
5.44444465637207,53,78,0
5.44444465637207,63,88,1
5.44444465637207,70,64,1
5.44444465637207,64,75,0
5.44444465637207,63,17,1
5.44444465637207,65,108,1
5.44444465637207,64,103,1
5.44444465637207,52,71,0
5.44444465637207,58,91,1
5.44444465637207,61,78,0
5.44444465637207,65,74,0
5.44444465637207,69,81,1
5.44444465637207,50,95,1
5.44444465637207,73,61,1
5.44444465637207,62,89,1
5.44444465637207,60,78,0
5.44444465637207,54,44,1
5.44444465637207,65,85,1
5.44444465637207,51,97,1
5.44444465637207,67,71,0
5.44444465637207,61,76,1
5.44444465637207,54,82,0
5.44444465637207,55,82,0
5.44444465637207,64,86,1
5.45555591583252,59,79,0
5.45555591583252,69,81,1
5.45555591583252,58,80,0
5.45555591583252,68,111,0
5.45555591583252,54,82,0
5.45555591583252,55,96,1
5.45555591583252,52,71,0
5.45555591583252,63,127,0
5.45555591583252,56,81,0
5.45555591583252,48,122,0
5.45555591583252,66,84,1
5.45555591583252,66,72,0
5.4666666984558105,59,79,0
5.4666666984558105,63,127,0
5.47777795791626,58,75,1
5.47777795791626,58,94,1
5.47777795791626,60,92,1
5.47777795791626,66,84,1
5.47777795791626,59,80,0
5.47777795791626,62,88,1
5.47777795791626,46,123,1
5.47777795791626,58,93,1
5.47777795791626,57,78,1
5.47777795791626,68,82,1
5.47777795791626,56,81,0
5.47777795791626,55,71,1
5.47777795791626,54,64,1
5.47777795791626,68,81,1
5.47777795791626,61,105,0
5.47777795791626,61,76,1
5.47777795791626,69,83,0
5.47777795791626,54,65,1
5.47777795791626,59,93,1
5.47777795791626,49,94,1
5.47777795791626,51,123,0
5.47777795791626,50,112,0
5.47777795791626,67,114,0
5.47777795791626,69,67,0
5.47777795791626,59,79,0
5.47777795791626,51,111,0
5.47777795791626,52,72,0
5.47777795791626,62,89,1
5.47777795791626,50,123,0
5.47777795791626,78,68,1
5.47777795791626,51,96,1
5.47777795791626,66,83,1
5.47777795791626,55,96,1
5.47777795791626,57,127,0
5.47777795791626,66,72,0
5.47777795791626,77,58,0
5.47777795791626,68,70,0
5.47777795791626,69,85,1
5.47777795791626,55,69,1
5.47777795791626,67,93,0
5.47777795791626,47,120,1
5.47777795791626,55,45,1
5.47777795791626,70,90,1
5.47777795791626,50,95,1
5.47777795791626,67,71,0
5.47777795791626,53,57,1
5.47777795791626,69,97,0
5.47777795791626,69,60,1
5.47777795791626,65,74,0
5.47777795791626,67,54,1
5.47777795791626,52,98,1
5.47777795791626,53,98,1
5.47777795791626,62,16,1
5.47777795791626,49,95,0
5.47777795791626,69,98,1
5.47777795791626,69,107,0
5.47777795791626,51,97,1
5.47777795791626,63,76,0
5.47777795791626,68,87,1
5.47777795791626,76,73,0
5.47777795791626,64,124,0
5.47777795791626,57,94,1
5.47777795791626,60,15,1
5.47777795791626,61,106,0
5.47777795791626,52,123,0
5.47777795791626,66,96,0
5.47777795791626,65,52,0
5.47777795791626,77,61,1
5.47777795791626,61,78,0
5.47777795791626,66,73,0
5.47777795791626,50,111,0
5.47777795791626,66,54,1
5.47777795791626,55,82,0
5.47777795791626,69,80,1
5.47777795791626,68,60,1
5.47777795791626,65,85,1
5.47777795791626,60,79,0
5.47777795791626,60,76,1
5.47777795791626,54,82,0
5.47777795791626,60,91,1
5.47777795791626,63,17,1
5.47777795791626,53,77,0
5.47777795791626,69,81,1
5.47777795791626,49,92,1
5.47777795791626,51,67,0
5.47777795791626,67,83,1
5.47777795791626,63,88,1
5.47777795791626,56,72,1
5.47777795791626,59,76,1
5.47777795791626,56,95,1
5.47777795791626,63,75,1
5.488888740539551,51,67,0
5.488888740539551,60,76,1
5.488888740539551,56,81,0
5.488888740539551,67,83,1
5.488888740539551,55,96,1
5.488888740539551,59,79,0
5.488888740539551,55,71,1
5.5,67,83,1
5.5,55,96,1
5.5,51,67,0
5.511111259460449,54,82,0
5.511111259460449,58,80,0
5.511111259460449,77,56,0
5.511111259460449,58,94,1
5.511111259460449,55,45,1
5.511111259460449,62,90,1
5.511111259460449,56,81,0
5.511111259460449,54,126,0
5.511111259460449,49,94,1
5.511111259460449,55,66,1
5.511111259460449,63,103,1
5.511111259460449,64,75,0
5.511111259460449,67,115,0
5.511111259460449,68,97,0
5.511111259460449,54,97,1
5.511111259460449,68,110,0
5.511111259460449,69,67,0
5.511111259460449,59,20,0
5.511111259460449,67,71,0
5.511111259460449,53,80,0
5.511111259460449,77,54,1
5.511111259460449,56,73,1
5.511111259460449,71,123,0
5.511111259460449,59,124,0
5.511111259460449,56,127,1
5.511111259460449,52,72,0
5.511111259460449,62,120,1
5.511111259460449,53,97,1
5.511111259460449,65,74,0
5.511111259460449,65,72,0
5.511111259460449,57,95,1
5.511111259460449,62,77,0
5.511111259460449,71,122,1
5.511111259460449,49,93,1
5.511111259460449,61,90,1
5.511111259460449,53,56,1
5.511111259460449,51,68,0
5.511111259460449,63,127,0
5.511111259460449,70,80,1
5.511111259460449,51,63,1
5.511111259460449,60,124,0
5.511111259460449,66,84,1
5.511111259460449,55,126,0
5.511111259460449,50,95,1
5.511111259460449,52,71,0
5.511111259460449,64,86,1
5.511111259460449,57,80,0
5.511111259460449,56,126,0
5.511111259460449,55,46,1
5.511111259460449,57,73,1
5.511111259460449,67,83,1
5.511111259460449,57,81,0
5.522222518920898,63,127,0
5.522222518920898,63,103,1
5.522222518920898,54,82,0
5.5333333015441895,54,82,0
5.550000190734863,59,93,1
5.550000190734863,53,78,0
5.550000190734863,51,97,1
5.550000190734863,60,92,1
5.550000190734863,55,46,1
5.550000190734863,63,88,1
5.550000190734863,49,121,0
5.550000190734863,51,69,0
5.550000190734863,57,126,0
5.550000190734863,52,73,0
5.550000190734863,58,16,1
5.550000190734863,66,64,0
5.550000190734863,55,71,1
5.550000190734863,53,98,1
5.550000190734863,53,77,0
5.550000190734863,55,45,1
5.550000190734863,52,74,0
5.550000190734863,55,82,0
5.550000190734863,53,72,0
5.550000190734863,53,50,0
5.550000190734863,51,96,1
5.550000190734863,57,74,1
5.550000190734863,74,68,0
5.550000190734863,59,76,1
5.550000190734863,52,76,0
5.550000190734863,70,84,1
5.550000190734863,62,76,1
5.550000190734863,49,117,0
5.550000190734863,65,102,0
5.550000190734863,68,69,0
5.550000190734863,50,65,0
5.550000190734863,74,61,1
5.550000190734863,52,97,1
5.550000190734863,54,82,0
5.550000190734863,55,70,1
5.550000190734863,68,82,1
5.550000190734863,51,67,0
5.550000190734863,78,54,1
5.550000190734863,73,60,1
5.550000190734863,60,79,0
5.550000190734863,54,66,1
5.550000190734863,64,88,0
5.550000190734863,69,60,1
5.550000190734863,52,72,0
5.550000190734863,55,49,1
5.550000190734863,53,79,0
5.550000190734863,49,94,1
5.550000190734863,54,97,1
5.550000190734863,54,65,1
5.550000190734863,64,76,0
5.566666603088379,51,97,1
5.566666603088379,55,45,1
5.583333492279053,67,71,0
5.583333492279053,69,57,1
5.583333492279053,68,55,1
5.583333492279053,50,116,1
5.583333492279053,67,82,1
5.583333492279053,51,97,1
5.583333492279053,54,44,0
5.583333492279053,67,63,1
5.583333492279053,58,80,0
5.583333492279053,53,83,0
5.583333492279053,53,124,0
5.583333492279053,63,76,0
5.583333492279053,52,98,1
5.583333492279053,55,50,1
5.583333492279053,64,75,0
5.583333492279053,54,82,0
5.583333492279053,63,17,1
5.583333492279053,73,76,0
5.583333492279053,53,50,0
5.583333492279053,63,88,1
5.583333492279053,59,75,1
5.583333492279053,75,75,0
5.583333492279053,54,43,0
5.583333492279053,51,67,0
5.583333492279053,67,115,0
5.583333492279053,64,105,0
5.583333492279053,66,94,1
5.583333492279053,66,74,0
5.583333492279053,61,78,0
5.583333492279053,66,86,1
5.583333492279053,69,81,1
5.583333492279053,62,107,0
5.599999904632568,69,81,1
5.599999904632568,67,71,0
5.599999904632568,52,98,1
5.599999904632568,58,80,0
5.608333110809326,53,51,0
5.608333110809326,52,72,0
5.608333110809326,65,73,0
5.608333110809326,54,82,0
5.608333110809326,53,82,0
5.608333110809326,64,105,1
5.608333110809326,59,80,0
5.608333110809326,49,93,1
5.608333110809326,65,74,0
5.608333110809326,56,95,1
5.608333110809326,55,48,1
5.608333110809326,50,96,1
5.608333110809326,56,81,0
5.608333110809326,57,81,0
5.608333110809326,76,74,0
5.608333110809326,51,123,0
5.608333110809326,70,90,0
5.608333110809326,50,95,1
5.608333110809326,56,82,0
5.608333110809326,55,96,1
5.608333110809326,48,91,1
5.608333110809326,60,76,1
5.608333110809326,69,97,0
5.608333110809326,49,94,1
5.608333110809326,55,47,1
5.608333110809326,55,46,1
5.608333110809326,55,49,1
5.616666316986084,55,47,1
5.616666316986084,55,49,1
5.616666316986084,55,48,1
5.625,55,48,1
5.625,55,47,1
5.633333206176758,55,48,1
5.650000095367432,61,77,0
5.650000095367432,50,63,0
5.650000095367432,54,82,1
5.650000095367432,57,126,1
5.650000095367432,52,98,0
5.650000095367432,53,124,1
5.650000095367432,63,127,1
5.650000095367432,52,64,1
5.650000095367432,63,88,0
5.650000095367432,57,99,0
5.650000095367432,62,19,0
5.650000095367432,59,93,0
5.650000095367432,49,122,0
5.650000095367432,60,76,0
5.650000095367432,48,122,0
5.650000095367432,55,45,1
5.650000095367432,51,58,0
5.650000095367432,55,47,0
5.650000095367432,52,50,0
5.650000095367432,58,79,0
5.650000095367432,55,46,1
5.650000095367432,54,42,0
5.650000095367432,54,45,0
5.650000095367432,53,50,0
5.650000095367432,55,106,0
5.650000095367432,67,71,1
5.650000095367432,50,64,0
5.650000095367432,58,100,0
5.650000095367432,67,115,1
5.650000095367432,57,100,0
5.666666507720947,54,42,0
5.666666507720947,63,88,0
5.674999713897705,62,109,1
5.674999713897705,51,58,1
5.674999713897705,67,83,0
5.674999713897705,69,97,1
5.674999713897705,54,44,0
5.674999713897705,65,72,0
5.674999713897705,66,71,0
5.674999713897705,52,99,0
5.674999713897705,62,76,0
5.674999713897705,69,60,0
5.674999713897705,54,126,1
5.674999713897705,57,96,0
5.674999713897705,54,97,0
5.674999713897705,66,62,0
5.674999713897705,58,80,1
5.674999713897705,66,70,0
5.674999713897705,64,75,1
5.674999713897705,54,43,0
5.674999713897705,60,92,0
5.674999713897705,58,98,0
5.674999713897705,60,76,0
5.674999713897705,51,112,0
5.674999713897705,54,66,1
5.674999713897705,54,41,0
5.674999713897705,62,125,0
5.674999713897705,61,62,1
5.674999713897705,70,87,0
5.674999713897705,55,47,0
5.674999713897705,63,127,1
5.674999713897705,58,99,0
5.674999713897705,55,46,0
5.674999713897705,60,111,0
5.674999713897705,66,95,0
5.674999713897705,56,18,0
5.674999713897705,55,49,0
5.674999713897705,57,98,0
5.674999713897705,55,44,1
5.674999713897705,55,48,0
5.674999713897705,51,123,1
5.674999713897705,53,49,0
5.674999713897705,55,78,0
5.674999713897705,54,82,1
5.683332920074463,62,76,0
5.683332920074463,55,48,0
5.683332920074463,58,80,1
5.683332920074463,51,123,1
5.683332920074463,54,43,0
5.683332920074463,54,44,0
5.691666603088379,54,44,0
5.691666603088379,55,48,0
5.699999809265137,55,48,0
5.7166666984558105,55,46,0
5.7166666984558105,68,78,0
5.7166666984558105,66,55,0
5.7166666984558105,69,67,1
5.7166666984558105,58,44,0
5.7166666984558105,53,50,0
5.7166666984558105,63,17,0
5.7166666984558105,69,97,1
5.7166666984558105,66,54,0
5.7166666984558105,53,51,0
5.7166666984558105,63,127,1
5.7166666984558105,50,123,1
5.7166666984558105,68,82,0
5.7166666984558105,66,61,0
5.7166666984558105,66,70,1
5.7166666984558105,53,49,0
5.7166666984558105,54,41,0
5.7166666984558105,54,45,0
5.7166666984558105,54,42,0
5.7166666984558105,63,75,0
5.7166666984558105,64,124,1
5.7166666984558105,60,111,1
5.7166666984558105,54,43,0
5.733333110809326,54,42,0
5.75,49,114,0
5.75,77,61,1
5.75,63,76,0
5.75,51,97,1
5.75,65,105,1
5.75,49,105,0
5.75,53,56,0
5.75,60,78,0
5.75,64,124,0
5.75,78,71,0
5.75,53,78,0
5.75,54,40,0
5.75,53,48,0
5.75,58,80,0
5.75,66,61,1
5.75,65,100,0
5.75,53,49,0
5.75,67,83,1
5.75,54,42,0
5.75,55,45,0
5.766666889190674,54,42,0
5.766666889190674,51,97,1
5.766666889190674,55,45,0
5.800000190734863,66,53,0
5.800000190734863,53,44,0
5.800000190734863,52,73,0
5.800000190734863,58,96,0
5.800000190734863,64,75,0
5.800000190734863,55,46,0
5.800000190734863,57,109,0
5.800000190734863,65,119,0
5.800000190734863,52,38,0
5.800000190734863,69,90,0
5.800000190734863,52,72,0
5.800000190734863,55,44,0
5.800000190734863,54,41,0
5.800000190734863,55,49,0
5.800000190734863,68,65,0
5.800000190734863,53,48,0
5.800000190734863,76,59,0
5.833333492279053,50,96,1
5.833333492279053,77,65,0
5.833333492279053,53,125,0
5.833333492279053,66,59,0
5.833333492279053,54,82,0
5.833333492279053,69,67,0
5.833333492279053,78,62,1
5.833333492279053,51,106,0
5.833333492279053,56,34,0
5.833333492279053,53,79,0
5.833333492279053,60,76,1
5.833333492279053,75,71,0
5.833333492279053,55,48,1
5.833333492279053,54,63,1
5.833333492279053,54,23,0
5.833333492279053,74,61,1
5.833333492279053,54,64,1
5.833333492279053,59,94,1
5.833333492279053,55,71,1
5.833333492279053,75,70,0
5.833333492279053,51,98,0
5.833333492279053,53,46,0
5.833333492279053,53,47,0
5.833333492279053,52,74,0
5.833333492279053,52,44,0
5.833333492279053,54,66,1
5.833333492279053,57,107,0
5.833333492279053,53,78,0
5.850000381469727,52,38,0
5.850000381469727,53,41,0
5.850000381469727,53,48,0
5.850000381469727,77,59,0
5.850000381469727,53,47,0
5.850000381469727,58,80,0
5.850000381469727,67,58,0
5.850000381469727,65,31,0
5.850000381469727,50,95,1
5.850000381469727,68,82,1
5.850000381469727,67,83,1
5.850000381469727,66,43,0
5.850000381469727,77,72,0
5.850000381469727,52,72,0
5.850000381469727,63,127,0
5.850000381469727,51,67,0
5.850000381469727,65,108,0
5.850000381469727,72,77,0
5.850000381469727,54,65,1
5.850000381469727,54,82,0
5.850000381469727,52,73,0
5.850000381469727,51,68,0
5.850000381469727,60,92,1
5.850000381469727,67,72,0
5.850000381469727,73,61,1
5.850000381469727,53,81,0
5.850000381469727,52,36,0
5.850000381469727,52,98,1
5.850000381469727,50,66,0
5.850000381469727,62,76,1
5.850000381469727,53,80,0
5.866666793823242,67,83,1
5.866666793823242,63,127,0
5.883333683013916,62,77,0
5.883333683013916,68,72,1
5.883333683013916,49,94,1
5.883333683013916,52,39,0
5.883333683013916,66,72,0
5.883333683013916,73,63,0
5.883333683013916,59,93,1
5.883333683013916,65,74,0
5.883333683013916,53,78,0
5.883333683013916,70,66,0
5.883333683013916,74,76,0
5.883333683013916,77,54,1
5.883333683013916,68,70,0
5.883333683013916,58,80,0
5.883333683013916,75,72,0
5.883333683013916,52,37,0
5.883333683013916,72,62,1
5.883333683013916,65,75,0
5.883333683013916,65,85,1
5.883333683013916,57,94,1
5.883333683013916,78,64,0
5.883333683013916,53,33,0
5.883333683013916,64,75,0
5.883333683013916,53,32,0
5.883333683013916,69,97,0
5.883333683013916,51,56,0
5.883333683013916,60,79,0
5.883333683013916,52,43,0
5.883333683013916,66,53,1
5.883333683013916,70,79,1
5.883333683013916,53,43,0
5.883333683013916,68,81,1
5.883333683013916,67,71,0
5.883333683013916,60,92,1
5.883333683013916,66,84,1
5.883333683013916,53,42,0
5.883333683013916,53,49,0
5.900000095367432,65,74,0
5.900000095367432,67,71,0
